dre00010_Glycolysis_-_Gluconeogenesis	100000026 100000750 100005587 114551 116517 192309 246094 246095 282559 282672 30496 30497 317743 321224 321664 323107 323653 324201 327165 334116 334197 335231 335817 336425 368239 369193 378727 378963 393462 393668 394000 394075 399479 399481 402874 405822 406339 406367 406428 406473 406496 406696 406702 406791 436646 436672 436747 436903 436914 445094 445118 445326 445505 447836 492710 541435 557008 557919 560020 560753 560944 561416 561891 563180 566398 568001 570106 572733 751668 751785 790919 792692 799805
dre00020_Citrate_cycle_(TCA_cycle)	100006589 317746 322339 322670 324201 335715 368262 378727 386951 393884 393926 393938 399479 399662 406299 406405 406428 406473 406702 415247 436672 436762 436850 436922 445129 445500 550579 559207 562149 564552 568448 58068 797715
dre00030_Pentose_phosphate_pathway	140620 246094 246095 282672 321664 324556 334897 335231 336425 369193 378713 394000 403070 405822 406496 406762 407673 415207 445494 445505 447836 450077 557518 560827 560944 561416 568001 569348 570106 570579 792692
dre00040_Pentose_and_glucuronate_interconversions	100000026 100006320 116991 323653 334420 334897 368239 393350 393462 406433 406731 445326 449558 492710 550282 553452 553952 555748 562316 569254 570613 570913 571441 641488 751596 792506 799805
dre00051_Fructose_and_mannose_metabolism	100007686 100150934 100330415 192309 282672 321224 321664 327453 335231 336425 368229 369193 386663 393160 393461 393469 393983 406339 406496 406791 431743 436909 445097 445505 447836 494077 553452 553792 554477 556190 558186 560753 560944 561416 564852 568001 570106 570613 613246 664696 792692 793926
dre00052_Galactose_metabolism	100000750 100002366 100148828 100148922 100332784 100536353 321224 334420 394000 405822 406339 406791 436646 445118 447836 449829 450083 548343 550425 553452 555748 559107 560944 561416 563180 568001 570106 678540 751668 768123 790919 791130 796436
dre00053_Ascorbate_and_aldarate_metabolism	100000026 100005587 100006320 116991 323653 334197 368239 393462 399481 403070 406731 492710 553952 569254 570913 571850 641488 792506
dre00061_Fatty_acid_biosynthesis	100006023 334561 335159 393622 445175 447860 555308 556236 559001 559403 559656 564111 564649 566863 567157 568096
dre00062_Fatty_acid_elongation	100126133 100150238 317738 322626 326954 327274 327417 334121 334217 335732 336606 368912 393135 393425 393441 393657 393769 405845 406325 406648 406725 445121 447878 550550 553326 553401 553440 554145 561303 562047 566085 619258 678614 793834 798606
dre00071_Fatty_acid_degradation	100000026 100000859 100005587 100005717 100006023 103910021 116517 30643 323653 334101 334197 334561 335159 336606 368239 368912 393462 393622 393860 394156 399481 406283 406325 406421 431754 436918 445121 445175 445288 445290 447860 449662 450003 492710 553401 555308 558088 559656 560000 566863 567157 573723 793834
dre00072_Synthesis_and_degradation_of_ketone_bodies	100037356 30643 394060 394190 442923 445290 550507 560273 571388
dre00100_Steroid_biosynthesis	100004700 106144553 322481 378446 406662 406713 406828 414331 436600 447891 494054 494102 550369 563369 564424 565117 571911 573994 768185 793309 795400 799528
dre00120_Primary_bile_acid_biosynthesis	100136851 322341 327462 336673 393105 393433 393451 393839 394148 445281 450052 494109 553543 553653 564475 565876 570455 641477 692332 795106 798384
dre00130_Ubiquinone_and_other_terpenoid-quinone_biosynthesis	100037331 100537604 322506 394142 436893 445287 447802 553717 559504 561410 751691
dre00140_Steroid_hormone_biosynthesis	100006320 100150054 100333777 140634 30390 322626 327417 334098 373131 393335 394148 399692 402795 402842 406731 449537 550388 550398 553532 553952 553969 560717 561372 563363 565370 570455 570913 60640 641488 64815 767715 768185 777792 791124 792506 793249 80374
dre00190_Oxidative_phosphorylation	100000992 100002384 100003066 100003139 100004566 100005158 100038785 100073345 100332034 100333064 100333135 100535765 140512 140519 140520 140531 140532 140533 140534 140535 140536 140538 140539 140540 140541 192335 192336 195824 286779 321724 321951 322549 322811 324307 325402 325712 326962 326975 326977 335025 335191 335709 335751 335774 336118 336957 337583 359839 359840 368907 393478 393497 393675 393687 393700 393703 393706 393720 393764 393776 393781 393793 393821 393829 393884 393935 393943 394110 394151 394181 402880 402883 402961 406298 406301 406306 406342 406359 406413 406599 406726 415243 415253 436762 436768 436799 436930 436968 445042 445122 445129 445291 445500 447913 447914 447942 449655 449787 450017 493605 494577 541328 541331 541390 550451 550531 553384 553660 553672 553691 553755 553767 554100 554101 554103 554125 554135 554154 556538 557348 559659 561117 561469 562149 562219 563476 564379 566723 569770 573021 573619 573689 641476 641566 751638 767750 796997 797063 798291 81541
dre00220_Arginine_biosynthesis	100000775 100148522 103909643 317737 322614 335974 336473 373092 393423 393970 403086 404036 406330 406688 447864 555623 557716 563654 564147 564746 566165 570368 60658 794667 799963
dre00230_Purine_metabolism	100000978 100003595 100005067 100005551 100148976 100149268 100150304 100151215 100330772 100330864 100331745 100332468 100333538 100333702 100750260 101884360 114551 140424 140425 140426 140620 140622 192305 192320 30083 30084 30085 30086 30440 30733 30740 317740 317745 321193 321720 321793 322059 322229 324088 324845 325603 327078 333997 334431 334669 335716 335817 336518 338306 368220 368410 373884 393201 393257 393393 393538 393559 393641 393697 393713 393774 393845 393867 393906 394000 394077 394162 394170 402856 402953 405822 406259 406404 406558 406590 406661 407653 407989 415176 415208 415216 431724 436588 436595 436604 436652 436692 436749 436789 436817 436826 436919 436981 436989 445069 445094 445151 445170 445201 445412 445486 447905 449786 449987 449992 474325 494056 504040 541428 541538 550263 550420 550502 550533 550560 550586 553270 553347 553405 553610 553639 553671 553701 553705 553733 554099 554700 555599 556456 556578 556849 557026 557191 557708 557735 557834 557902 557972 559295 559298 559332 559488 560410 560486 560653 560719 560807 560827 561338 561683 562329 562357 562399 562619 562627 563343 563432 563724 564389 564465 565706 566998 567051 568219 568726 569499 570437 570474 570652 571011 571355 571825 571834 572027 572052 572061 572258 58120 58141 678545 692256 751742 777719 791145 791647 796456 796803 798022 799449 799942 80939
dre00232_Caffeine_metabolism	436604 445194 449801 560486 794381
dre00240_Pyrimidine_metabolism	100000978 100005551 100005763 100144569 100149268 100330864 100750260 103910413 192320 266992 30083 30084 30085 30086 30440 30733 30740 317740 321720 322059 322089 322660 324088 324845 325603 327057 327078 327590 334669 335716 336518 352924 393113 393143 393201 393257 393538 393744 393774 393906 394162 394170 402856 402953 402979 404623 405829 406383 406558 407653 436588 436595 436652 436692 436749 436789 436817 436826 437016 445151 445170 445201 445412 447928 449786 449835 449992 474325 494065 503707 541428 541538 550263 550332 550560 553347 553405 553610 553705 553733 554099 556456 556849 557708 557834 557972 558466 559958 561683 562329 562627 563597 567734 570478 571834 572258 58120 678543 692256 791647 796456 796803 798022 798259 799449 81540
dre00250_Alanine,_aspartate_and_glutamate_metabolism	100000775 100038790 100148522 100329827 192305 266992 317737 334431 335974 336473 337166 373092 378441 378968 393423 394133 394138 402904 403086 406330 406688 407989 436603 447815 447864 550403 550502 555623 557232 564147 564746 564754 565235 566165 567861 569945 572027 619269 79378 799963
dre00260_Glycine,_serine_and_threonine_metabolism	100141496 100144628 100331020 100331665 266799 266987 321621 321928 322055 322228 323107 327165 327512 334197 394021 394103 399479 402822 402985 402994 403338 404730 405800 406528 431723 436603 436852 436903 450000 497183 541329 541429 550524 558050 558601 563642 565385 570678 572733 606663 619259 619269 64607 64608 79378 796865
dre00270_Cysteine_and_methionine_metabolism	100002302 266987 30430 30496 30497 30659 317744 321084 322055 322228 323329 324079 326857 333974 334195 335715 335974 337166 337412 337599 378847 387530 393526 393714 394009 394240 399662 406330 406405 406688 431773 436747 436949 447941 450084 541347 550524 553187 553189 554736 561410 563642 619269 678634 791167 791612 792097 796025 798918 80872
dre00280_Valine,_leucine_and_isoleucine_degradation	100000026 100000859 100004018 100005587 103910021 30643 323653 334197 336606 337166 337412 368239 368775 368912 378968 393462 393984 394060 394130 394135 394190 399479 399481 405861 405863 406283 406325 431754 436647 436949 437019 442923 445121 445182 445288 445290 450078 492710 541388 553401 553804 554124 560273 562292 569581 569980 570457 571388 619269 64265 777632 793834 798364
dre00290_Valine,_leucine_and_isoleucine_biosynthesis	100331665 337412 436949 563642
dre00300_Lysine_biosynthesis	334197 557979
dre00310_Lysine_degradation	100000026 100000709 100000859 100003546 100004770 100005587 100005761 100006350 100036767 100536523 30643 323653 325395 326906 334197 335153 368239 368262 368912 393462 393860 399481 402830 436729 445121 445198 445290 450003 492710 553401 555271 556077 556086 556229 556535 557048 557979 558068 558601 559207 559560 559635 559945 560793 560856 563799 564552 564575 565862 566825 567859 567970 569041 569250 571274 572649 572849 751629 768131 777635 793834 794199 796749 797715
dre00330_Arginine_and_proline_metabolism	100000026 100003675 100005587 100149838 100333321 100537991 103908621 114426 140744 266799 30095 321892 322614 323653 327288 327506 334197 335974 368239 373132 393462 393799 394009 394133 399481 402994 404036 404730 405800 405806 406330 406688 431716 436664 436827 492710 555401 556522 557186 558050 560682 562774 562854 563281 563654 564675 565385 565700 565785 570368 572518 60658 619259 792097 796865 799492 80872
dre00340_Histidine_metabolism	100000026 100004331 100005587 282559 323653 327288 334197 368239 393462 394052 399481 402826 404730 406651 445242 492710 503765 555401 556744 557008 557232 558050 751785 793609
dre00350_Tyrosine_metabolism	100331172 100332609 100333145 116517 259189 282559 30207 30384 30505 322372 335974 337166 394142 404730 406330 406651 406688 436754 437022 445287 541429 553762 557008 558050 561372 561410 565370 569363 570457 58074 64265 751093 751785
dre00360_Phenylalanine_metabolism	282559 335974 337166 378962 394142 404730 406330 406651 406688 445287 541429 557008 558050 561410 751093 751785
dre00380_Tryptophan_metabolism	100000026 100000859 100005587 100008541 100141344 100150054 100332215 100334830 101885014 140634 30068 30643 30685 323653 334082 334197 337166 352943 368239 368242 368912 393315 393462 393677 393860 399481 404730 406651 407712 415103 445121 445290 450003 492518 492710 550372 553401 555401 557166 557979 558050 559207 564552 570457 571967 64265 793834 797715
dre00400_Phenylalanine,_tyrosine_and_tryptophan_biosynthesis	335974 337166 378962 406330 406688 561410
dre00410_beta-Alanine_metabolism	100000026 100000859 100005587 100037349 100038790 100144569 100329827 282559 322660 323653 327288 334197 368239 368912 378441 378968 393462 394009 399481 405829 406283 436647 492710 541429 550403 553401 557008 564675 751785 793834 798364 80872
dre00430_Taurine_and_hypotaurine_metabolism	100002145 100038790 100329827 100333757 103909024 378441 393387 393714 406474 492476 550403 566746 569014 569734
dre00450_Selenocompound_metabolism	100332215 322055 324947 338183 352924 352933 378847 393123 393315 559488 559537 566565 777719 798259 80939
dre00460_Cyanoamino_acid_metabolism	100002145 100144628 100333757 393387 394021 553722 566746 569014 569734
dre00471_D-Glutamine_and_D-glutamate_metabolism	317737 373092 564147 564746
dre00472_D-Arginine_and_D-ornithine_metabolism	402994 405800 565385 619259
dre00480_Glutathione_metabolism	100002145 100006589 100124622 100149204 100151110 100330864 100333757 100334384 114426 30733 30740 322533 324366 324900 326857 333974 352926 352928 352929 386951 393191 393387 393493 393556 394009 406278 406703 406736 406762 431762 436833 436894 449784 450084 492500 552981 553169 553575 555478 562854 563972 564619 566746 567275 568744 569014 569734 570579 571365 723997 767682 79381 798788 799288 80872
dre00500_Starch_and_sucrose_metabolism	100000750 100002366 100006320 100148922 100332784 100333665 100536353 116991 192315 246094 246095 321224 334420 373082 393400 394000 394155 403051 405822 406339 406539 406731 406791 445118 449945 493916 553655 553722 553952 555748 559212 562316 562399 563180 567798 570913 571441 641488 751668 790919 792506 795901
dre00510_N-Glycan_biosynthesis	100000478 100148828 100331575 100333333 100333987 100334730 101884072 266797 325561 327601 334161 335538 335985 393598 393649 393782 403068 403116 406408 407614 431727 436733 445202 445327 445376 450072 474331 492796 550425 553582 553676 553725 556237 556544 557181 558524 560219 561756 562592 563038 566078 566527 566539 567913 569494 570828 724006 751635 768123 796295 797512 799960
dre00511_Other_glycan_degradation	100000684 100003570 323613 335494 393128 445165 445250 445487 541364 541519 548343 550460 553569 555206 559072 559240 559850 561239 565372 566517 569595 767799 780844 793046
dre00512_Mucin_type_O-Glycan_biosynthesis	100170813 100310831 100330695 100332076 100535692 324052 324510 337131 406477 445562 503760 553668 555344 557675 558716 559073 559373 559736 562739 564336 567794 568547 568915 570248 724080 797549 799387
dre00514_Other_types_of_O-glycan_biosynthesis	100003546 100148828 100333154 100333727 101884072 101886595 30158 337685 403029 403116 407659 414848 445060 445322 445376 493633 548607 550425 556077 556315 556544 558068 561756 563878 564156 565862 567541 567859 569769 571876 641495 652952 768123 777668 796410 798087 799443
dre00520_Amino_sugar_and_nucleotide_sugar_metabolism	100007686 100126013 100148292 100150934 101886093 116991 192315 246094 246095 321224 322420 322468 322513 322780 323613 324560 334420 336553 337333 368229 393264 393461 393469 393857 394000 402981 405822 406338 406339 406791 406819 431739 431743 445097 449829 474321 494077 550460 550565 553685 553792 553795 554143 555748 556291 561018 563138 567861 569254 569945 613246 678540 751641 751668 791130 791728
dre00524_Butirosin_and_neomycin_biosynthesis	321224 406339 406791 751668
dre00531_Glycosaminoglycan_degradation	100004557 100329505 100538007 323613 327635 548343 550460 559228 559959 560126 562573 563020 563849 565246 566506 567720 567869 571441 664772 791159 791189
dre00532_Glycosaminoglycan_biosynthesis_-_chondroitin_sulfate_-_dermatan_sulfate	100000654 100331155 192334 324407 368477 404232 404732 407076 445022 556800 557218 559721 560826 560951 563446 563748 565523 565671 568713 572324 793671
dre00533_Glycosaminoglycan_biosynthesis_-_keratan_sulfate	100006249 100148828 100170782 101669768 286748 407659 445124 445562 492760 550425 556544 561756 561896 768123 793362 797512
dre00534_Glycosaminoglycan_biosynthesis_-_heparan_sulfate_-_heparin	100007670 100151174 100317129 100329339 100329944 192334 378450 405776 445022 493780 493783 497279 497280 497281 553162 557111 558084 558373 560951 563446 565201 569353 570459 571246 572324 791107 791188 792524 793524
dre00561_Glycerolipid_metabolism	100000026 100005587 100136866 100137124 100142647 100150463 100331214 100331649 100332911 100536469 30354 322481 323653 325875 334197 334270 335485 368239 378960 393096 393462 393997 399481 406265 406554 406734 436610 436958 445326 450063 450083 492710 553380 553452 557324 557680 558422 558437 559124 560638 563806 565117 565122 565316 567414 567728 569053 570678 570695 572841 573994 641489 678522 692278 724010 767778 777624 793926 794598 799099 799805
dre00562_Inositol_phosphate_metabolism	100000275 100001532 100002263 100006223 100037338 100148744 100149843 100151036 100317089 100330514 100333801 100334231 100537538 192309 30644 322720 323929 325179 327346 337236 337489 337690 368415 373124 373867 393365 393584 393838 394075 394174 404620 406290 406598 406667 436647 437018 447840 449831 492549 541511 541517 548346 553595 553629 553750 555443 555899 556956 559103 559198 560006 560360 560753 560881 561737 561747 561891 562569 562919 563019 563201 563543 564261 564528 564750 565669 566188 566479 567938 568288 569040 569568 571356 571850 606579 641570 641571 678558 777716 790916 792527 794088 798876
dre00563_Glycosylphosphatidylinositol(GPI)-anchor_biosynthesis	100136853 100147850 100148642 100538291 321218 323994 325316 393361 393448 402942 415239 436838 555496 556667 556797 560242 561471 563993 570443 767675 791759 796295
dre00564_Glycerophospholipid_metabolism	100001552 100002015 100002812 100004136 100137124 100148818 100149324 100150463 100170938 100331649 100332911 100534896 100536469 114549 30554 321965 322605 325181 327566 335008 335485 393127 393393 393421 393509 393722 393931 394161 402802 404620 405867 406265 406370 406554 406615 406734 406739 436622 436896 436958 449663 450016 492483 503936 550279 550327 550404 553380 553433 553683 553770 555330 555566 555725 555969 556641 557205 557324 557680 558422 558437 558499 559087 559124 559442 560638 560649 560986 561832 563589 563806 565122 565386 565743 565971 567414 567728 569053 570695 570720 571738 571938 572335 572492 572841 641423 641489 678522 692278 724010 751628 767699 767778 777624 793137 794598 798864 799099 799278
dre00565_Ether_lipid_metabolism	100148818 100149324 100332039 30554 322605 327566 335485 386801 394033 394246 394247 402802 406370 406470 406739 436622 436896 553508 553683 555969 556641 557680 559087 559124 560649 563806 565386 565743 567170 569053 570720 571738 571938 572492 641423 751651 791915 793735 794598 798864 799278
dre00590_Arachidonic_acid_metabolism	100034366 100034406 100037390 100148818 100149324 100333757 100334384 100535432 246226 246227 30554 322732 336492 337696 352926 373866 393108 393191 393387 393592 399485 402802 406370 406449 406575 406605 406739 415227 436622 436896 494099 544666 552981 556280 559020 559087 559148 560649 565386 566746 567204 569014 569734 571738 641423 751701 792041 792566 797309 798788 798864 799964
dre00591_Linoleic_acid_metabolism	100034366 100034406 100148818 100149324 30554 393108 393592 399485 402802 406370 406739 436622 436896 553969 559087 560649 565386 571738 641423 792566 797309 798864
dre00592_alpha-Linolenic_acid_metabolism	100148818 100149324 140615 30554 402802 406370 406421 406739 431754 436622 436896 449662 559087 560649 565386 571738 641423 798864
dre00600_Sphingolipid_metabolism	100000684 100003745 100037312 100150090 100330155 100330698 100331179 100331840 259251 323020 327075 335485 393549 393912 394114 402799 406385 445168 445250 449649 450068 450083 493602 541416 548343 550266 553508 553569 553646 553944 553981 555206 555411 556193 556700 557286 557680 557756 557817 558496 559072 559124 559240 559850 563806 564867 566563 567548 567592 568169 568381 569053 569930 780844 791197 793046 793294 793735 794598 797914
dre00601_Glycosphingolipid_biosynthesis_-_lacto_and_neolacto_series	100002020 100003996 100005704 100148828 100331460 100333524 100333727 101669768 101883349 336526 404633 407659 492760 504044 550425 553210 556544 559521 561172 561756 565422 571003 768123 791470 793362 796410 798349
dre00603_Glycosphingolipid_biosynthesis_-_globo_series	323613 387303 445562 450083 550460 553210 560778 796410
dre00604_Glycosphingolipid_biosynthesis_-_ganglio_series	101886595 322609 323613 394083 394230 407715 445562 548343 550460 553210 553754 563594 751653 793635
dre00620_Pyruvate_metabolism	100000026 100005587 100536873 114551 30496 30497 30643 323653 324201 334197 334208 335715 335817 336977 368213 368239 378727 393462 393938 399479 399481 399662 402985 406405 406428 406473 406702 436672 436747 436914 445094 445233 445290 492710 492719 497183 541435 556236 559403 560020 571263 58068 768196
dre00630_Glyoxylate_and_dicarboxylate_metabolism	100000775 100144628 30068 30643 321621 322339 322670 335715 336473 393305 393455 394021 399479 399662 402827 402985 405806 405861 406405 436603 436852 437019 445290 450000 497183 541329 550372 553804 566165 568448 569581 570678 792824 79378
dre00640_Propanoate_metabolism	100000859 100037349 30496 30497 30643 317746 368912 378968 399479 405861 406283 406299 436647 436747 436850 436914 437019 445290 541388 541435 553401 553585 553804 554124 556236 559403 560020 566019 569581 569980 793834 798364
dre00650_Butanoate_metabolism	100000859 100002035 100037356 100038790 100329827 30643 368912 378441 378968 393984 394060 394190 442923 445121 445288 445290 550403 550507 553401 560273 565235 566872 571388 793834
dre00670_One_carbon_pool_by_folate	100004977 100034522 100144628 100332843 100333269 100526683 140622 260441 378847 394021 394052 450000 556680 557552 567547 58141 81540 81882
dre00730_Thiamine_metabolism	100048920 445069 450054 562714
dre00740_Riboflavin_metabolism	30207 436959 445492 560915
dre00750_Vitamin_B6_metabolism	327512 402868 561030 564697 570457 64265 791775 799638
dre00760_Nicotinate_and_nicotinamide_metabolism	100330160 101886891 321720 324211 324845 336257 386710 393330 393864 393906 402953 406619 445071 541321 550242 550370 557972 561683 562399 562627 562771 570457 572070 64265 64674 791647 798022 798974 799449
dre00770_Pantothenate_and_CoA_biosynthesis	100144569 322660 337412 393487 393753 405829 436949 447838 561272 562399 565059 570866 619247
dre00780_Biotin_metabolism	337784 555376 564649
dre00785_Lipoic_acid_metabolism	334494 393528 664765
dre00790_Folate_biosynthesis	100000723 100003554 100073330 100192219 100330410 393982 406624 406746 541539 554136 557552 563255 563836 566323 574009 64263 791448 793471 81882
dre00830_Retinol_metabolism	100004076 100006320 100037326 116517 116713 140634 280648 30381 324188 325875 325922 378722 393539 393580 393761 405814 406731 406799 436597 450050 553239 553501 553564 553952 553969 554036 556528 556557 562840 563241 563950 570457 570913 641488 64265 677660 777751 792506 84039
dre00860_Porphyrin_and_chlorophyll_metabolism	100002875 100006320 100329531 30617 321294 338290 394129 394181 404731 406731 436771 436959 550338 553384 553952 556389 557077 562037 570913 571441 58016 58215 641488 64607 64608 664750 751732 767661 791518 792506 84702
dre00900_Terpenoid_backbone_biosynthesis	100003383 30643 323500 334380 336798 394060 406468 436624 436629 445290 492477 492781 541479 550281 550289 550349 552997 553513 555882 557720 559054 566908
dre00910_Nitrogen_metabolism	100000775 100006448 100537787 30331 317737 336473 373092 387526 407683 550233 553246 555196 555623 564201 566165 566612 567897 568143 569989
dre00920_Sulfur_metabolism	405865 415158 436627 550580 559488 566675 641570 777719 796025 80939
dre00970_Aminoacyl-tRNA_biosynthesis	100001219 100126021 100170827 114427 140507 140508 140509 140510 140511 140513 140514 140515 140516 140517 140518 140521 140522 140523 140524 140525 140526 140527 140528 140529 140530 140537 280647 324025 324940 325494 327329 334393 337070 337230 338183 368235 368284 393123 393589 393745 394154 394188 445405 447847 449661 493608 503745 541317 555187 556680 556702 558898 561673 562037 566565 568332 569778 571144 692329 751732 792787 793097
dre00980_Metabolism_of_xenobiotics_by_cytochrome_P450	100006320 100124622 100150054 100333777 116517 140634 282559 324366 337696 373866 393493 393556 394043 406433 406703 406731 406736 431762 436642 436833 436894 449558 449784 492500 553169 553952 557008 563972 564619 567275 568744 570913 571365 641488 723997 751785 792506 79381 799288
dre00982_Drug_metabolism_-_cytochrome_P450	100006320 100124622 116517 282559 324366 393493 393556 404730 406703 406731 406736 431762 436833 436894 449784 492500 553169 553952 557008 557628 558050 563972 564619 567275 568744 570457 570913 571365 641488 64265 723997 751785 792506 79381 794311 799288
dre00983_Drug_metabolism_-_other_enzymes	100005763 100006320 100144569 103910413 317745 322660 327057 327590 338306 393113 393143 393559 402979 405829 406259 406731 431724 436842 437016 445194 447928 449801 503707 553952 557834 558466 559958 560486 561967 563597 566132 570913 571441 641488 792506 794381
dre01040_Biosynthesis_of_unsaturated_fatty_acids	140615 317738 322626 326954 327417 334121 386661 393425 393441 406421 431754 447878 449662 550422 553326 553401 553440 553734 561303 562047 566085 678614 793834 798606
dre01100_Metabolic_pathways	100000026 100000478 100000654 100000723 100000750 100000775 100000859 100000978 100000992 100001532 100001552 100002015 100002020 100002035 100002145 100002302 100002366 100002384 100002812 100003066 100003139 100003383 100003554 100003595 100003675 100003996 100004018 100004136 100004331 100004557 100004566 100004700 100004977 100005067 100005158 100005587 100005704 100005763 100006023 100006320 100006589 100007670 100007686 100008541 100034366 100034406 100034522 100037312 100037331 100037338 100037349 100037356 100037390 100038785 100038790 100048920 100073330 100126013 100126133 100136853 100136866 100137124 100141344 100141496 100144569 100144628 100147850 100148522 100148642 100148744 100148818 100148828 100148922 100149268 100149324 100149838 100149843 100150090 100150238 100150463 100150674 100150924 100150934 100151036 100151256 100170813 100192219 100310831 100317089 100317129 100329505 100329827 100329944 100330155 100330160 100330410 100330514 100330695 100330772 100330864 100331020 100331155 100331172 100331179 100331460 100331575 100331649 100331665 100331840 100332034 100332076 100332215 100332609 100332784 100332843 100332911 100333064 100333135 100333145 100333321 100333333 100333524 100333665 100333727 100333757 100333777 100333801 100333987 100334231 100334730 100334830 100534896 100535432 100535692 100535765 100536353 100536469 100537538 100537991 100538007 101669768 101883349 101884072 101885014 101886595 101886891 103908621 103909024 103909643 103910021 103910413 106144553 114426 114551 116517 116713 116991 140512 140519 140520 140531 140532 140533 140534 140535 140536 140538 140539 140540 140541 140620 140622 140634 140744 192305 192309 192315 192320 192334 192335 192336 195824 246094 246095 246226 246227 259189 259251 260441 266797 266799 266987 266992 280648 282559 282672 286779 30083 30084 30085 30086 30095 30207 30381 30384 30390 30430 30440 30496 30497 30505 30554 30617 30643 30644 30659 30685 30733 30740 317737 317740 317743 317744 317745 317746 321084 321193 321218 321224 321243 321294 321621 321664 321720 321724 321793 321892 321928 321951 322055 322059 322089 322228 322229 322339 322341 322372 322420 322481 322513 322533 322549 322605 322609 322614 322626 322660 322670 322720 322732 322780 322811 323020 323107 323329 323613 323653 323929 323994 324052 324079 324088 324188 324201 324211 324307 324407 324510 324556 324845 324947 325316 325402 325561 325603 325712 325875 326857 326962 326975 326977 327057 327075 327078 327165 327288 327329 327346 327417 327462 327506 327507 327512 327566 327590 327601 327635 333974 333997 334082 334116 334161 334195 334197 334270 334420 334431 334494 334561 334669 334897 335025 335159 335191 335231 335485 335538 335709 335715 335716 335774 335817 335974 335985 336118 336257 336425 336473 336492 336526 336606 336798 336957 337131 337166 337333 337412 337489 337583 337599 337696 337784 338290 338306 352933 352943 359839 359840 368220 368229 368239 368242 368262 368477 368775 368907 368912 369193 373092 373131 373132 373866 373867 373884 378441 378446 378713 378722 378727 378847 378960 378962 378963 378968 386710 386801 386951 387303 387530 393096 393105 393108 393113 393127 393135 393143 393201 393257 393264 393305 393315 393330 393335 393350 393361 393365 393387 393400 393421 393423 393448 393455 393461 393462 393469 393478 393487 393497 393526 393528 393532 393538 393539 393549 393559 393580 393584 393592 393598 393622 393641 393649 393657 393668 393675 393677 393687 393697 393700 393703 393714 393720 393744 393753 393761 393764 393774 393776 393778 393781 393782 393793 393799 393821 393829 393838 393839 393857 393860 393864 393867 393884 393906 393912 393926 393931 393935 393938 393943 393970 393982 393997 394000 394009 394021 394033 394052 394060 394075 394083 394103 394110 394114 394129 394130 394133 394135 394138 394142 394148 394151 394156 394161 394162 394170 394181 394188 394190 394230 394240 394246 394247 399479 399481 399485 399662 399692 402799 402802 402826 402827 402842 402856 402868 402874 402880 402883 402942 402953 402979 402985 402994 403051 403068 403070 403086 403116 404036 404620 404623 404633 404730 404731 405776 405800 405806 405822 405829 405845 405861 405863 405867 406259 406265 406283 406290 406298 406299 406301 406306 406325 406330 406338 406339 406342 406359 406367 406370 406383 406385 406405 406408 406413 406421 406428 406449 406470 406473 406474 406477 406496 406539 406554 406575 406590 406599 406605 406619 406648 406651 406662 406667 406688 406696 406702 406726 406731 406734 406739 406746 406762 406791 406819 406828 407614 407653 407659 407673 407712 407715 407989 414331 415103 415158 415207 415208 415216 415227 415239 415243 415247 415253 431716 431723 431724 431727 431743 431754 431773 436588 436597 436600 436603 436604 436610 436622 436627 436646 436647 436664 436672 436733 436747 436749 436754 436762 436768 436789 436799 436817 436826 436827 436838 436850 436852 436893 436896 436903 436909 436914 436919 436922 436930 436949 436958 436968 436989 437016 437018 437019 437022 445022 445042 445069 445071 445094 445097 445118 445121 445122 445129 445168 445170 445175 445182 445194 445202 445281 445287 445288 445290 445291 445326 445327 445376 445412 445486 445492 445494 445500 445505 445562 447802 447815 447836 447838 447840 447860 447864 447891 447913 447914 447928 447941 447942 449537 449649 449655 449662 449786 449787 449801 449829 449831 449835 449992 450000 450003 450016 450017 450050 450052 450054 450068 450072 450078 450084 474321 474325 492476 492477 492518 492549 492710 492719 492760 492781 492796 493602 493605 493780 493783 493916 494054 494056 494065 494077 494099 494102 494577 497183 497279 497280 497281 503707 503760 504040 504044 541317 541321 541328 541329 541331 541347 541388 541390 541428 541429 541435 541479 541511 541517 541538 541539 544666 548343 548346 550242 550263 550266 550282 550327 550332 550338 550369 550370 550372 550403 550425 550451 550460 550502 550507 550524 550550 550565 550579 552997 553187 553189 553210 553347 553380 553384 553401 553405 553433 553440 553452 553508 553513 553523 553532 553564 553582 553595 553610 553629 553646 553653 553655 553660 553668 553671 553672 553676 553683 553691 553701 553705 553722 553725 553733 553750 553754 553755 553762 553767 553770 553792 553795 553804 553944 553952 553969 553981 554036 554099 554100 554101 554122 554124 554125 554135 554136 554154 554736 555308 555330 555344 555376 555401 555443 555478 555496 555623 555725 555748 555899 555969 556193 556229 556236 556237 556280 556291 556456 556522 556538 556544 556557 556578 556641 556667 556700 556744 556797 556956 557008 557077 557166 557181 557186 557205 557232 557286 557324 557348 557518 557552 557675 557680 557708 557716 557735 557756 557817 557834 557919 557972 557979 558050 558373 558422 558437 558466 558499 558524 558601 558716 558898 559001 559020 559054 559072 559073 559087 559107 559124 559148 559198 559207 559212 559228 559240 559295 559373 559403 559442 559488 559504 559521 559537 559560 559635 559656 559659 559736 559958 559959 560006 560020 560126 560219 560242 560486 560638 560649 560682 560753 560810 560826 560827 560881 560915 560944 560951 561018 561030 561117 561172 561272 561372 561410 561416 561469 561471 561683 561747 561756 561891 562037 562047 562149 562219 562316 562329 562399 562569 562573 562592 562627 562714 562739 562771 562774 562840 562854 562919 563019 563020 563038 563180 563201 563255 563281 563363 563369 563446 563476 563543 563589 563594 563597 563642 563654 563806 563849 563993 564111 564147 564336 564379 564528 564552 564649 564697 564746 564750 564754 564867 565059 565117 565122 565235 565246 565316 565370 565385 565386 565422 565669 565700 565743 565876 565971 566019 566078 566165 566188 566323 566398 566479 566506 566527 566539 566563 566723 566746 566863 567157 567170 567204 567414 567547 567548 567592 567640 567720 567728 567734 567794 567798 567861 567869 567913 567938 568001 568096 568169 568288 568381 568448 568547 568655 568713 568915 569014 569040 569053 569100 569254 569348 569363 569494 569568 569581 569734 569770 569930 569945 569980 570106 570248 570368 570437 570443 570457 570459 570474 570478 570579 570613 570678 570695 570720 570828 570866 570913 571003 571355 571356 571388 571441 571738 571834 571911 571938 571967 572027 572070 572258 572324 572492 572518 572733 572841 573021 573619 573689 573723 573994 574009 58068 58074 58120 58141 58215 60640 60658 606663 613246 619258 619259 619269 641423 641476 641488 641489 641566 641570 641571 64263 64265 64607 64608 64674 64815 664750 664765 664772 678522 678540 678558 678634 692256 692278 724006 724010 751596 751635 751638 751653 751668 751691 751701 751732 751742 751785 767675 767682 767750 767778 768123 768185 768196 777624 777632 777716 777719 790916 790919 791124 791130 791159 791167 791189 791448 791470 791612 791647 791759 791775 792041 792097 792506 792527 792566 792692 792824 793249 793294 793309 793362 793471 793524 793609 793635 793671 793735 79378 793834 793926 794381 794598 794667 795106 795400 795901 796025 796295 796410 796436 796456 796803 796865 796997 797063 797309 797512 797549 797715 797914 798022 798291 798349 798364 798864 798876 798918 798974 799099 799278 799387 799449 799492 799528 799638 799805 799960 799963 799964 80374 80872 80939 81540 81541 81882 84039
dre01200_Carbon_metabolism	100000859 100006589 100144628 100148522 100331665 114551 116517 140620 192309 246094 246095 282672 30068 30643 317737 317743 317746 321224 321621 321664 321928 322339 322670 323107 324201 324556 327165 327512 334116 334897 335231 335715 335817 335974 336425 368262 368912 369193 373092 378713 378963 386951 393455 393668 393884 393926 393938 394021 399479 399662 402827 402874 403070 403086 405861 406283 406299 406330 406339 406405 406428 406496 406688 406696 406702 406762 406791 407673 415247 436603 436647 436672 436762 436850 436914 437019 445094 445129 445233 445288 445290 445494 445500 445505 447836 450000 492719 541435 550494 550579 553401 553804 555623 557518 557919 559207 560020 560753 560827 560944 561416 562149 563642 564552 566398 567547 568001 568448 569348 569581 570106 570579 572733 58068 606663 751668 768196 792692 792824 79378 793834 793926 797715 798364 799963
dre01210_2-Oxocarboxylic_acid_metabolism	100006589 100148522 103909643 322339 322670 335974 337412 386951 393926 393970 403086 406330 406688 415247 436949 550579 557716 557979 568448 799963
dre01212_Fatty_acid_metabolism	100000859 100005717 100006023 100126133 100150238 103910021 140615 30643 317738 322626 326954 327417 334121 334561 335159 336606 368912 386661 393135 393425 393441 393622 393657 394156 405845 406283 406325 406421 406648 431754 445121 445175 445288 445290 447860 449662 550422 550550 553326 553401 553734 555308 558088 559001 559403 559656 560000 561303 564111 564649 566085 566863 567157 573723 619258 678614 793834 798606
dre01230_Biosynthesis_of_amino_acids	100000775 100006589 100144628 100148522 100149838 100331665 103908621 103909643 114551 140620 192309 266987 317743 321664 321928 322055 322339 322614 322670 323107 323329 324556 327165 327512 334116 334195 334197 334897 335817 335974 336425 336473 337412 369193 378713 378847 378962 378963 386951 393423 393668 393799 393926 393970 394021 402874 403086 406330 406496 406688 406696 407673 415247 431723 436949 445094 447836 447864 541347 550524 550579 555623 557186 557518 557716 557979 560682 560753 560827 560944 561410 561416 563642 566165 568001 568448 570106 570368 572733 58068 606663 678634 791612 792692 794667 799963
dre02010_ABC_transporters	100002010 100003744 100006090 100136850 100136868 100151075 100333043 100537809 323301 336147 336563 368620 368771 393561 406803 548340 553281 555506 556709 556979 557317 558335 558924 559080 561160 564067 564344 564842 566367 566515 566555 568482 570148 571189 735312 767748 797269 798527
dre03008_Ribosome_biogenesis_in_eukaryotes	100000532 100003787 100004610 100332622 100535532 140505 140506 266990 30428 30488 30502 30572 317637 321058 321114 321745 321897 321940 323426 323464 323865 325106 334050 334362 334446 368478 386850 393107 393237 393282 393291 393617 393717 393950 394008 394096 394196 406268 406275 406571 406805 407084 415208 415238 415254 436798 436813 436992 442932 445388 445391 492761 494152 541352 541421 541444 550241 550264 553241 553498 553787 555704 556379 557254 558395 561138 564551 567505 568741 613144 678588 751719 751738 767797 793727 799016
dre03010_Ribosome	100000341 100000836 100073334 100093703 100142645 100536515 114420 140505 140506 192297 192299 192300 192301 195819 322571 323305 323365 325618 326961 327089 335539 335629 336283 336550 336568 336641 336662 336687 336702 336710 336712 336713 336719 336726 336727 336764 336812 337007 337010 337090 337148 337240 337810 378961 393686 393710 393715 393723 393725 393738 393788 393818 394027 394035 394036 394097 394121 394122 394166 394194 405888 405889 406266 406307 406387 406485 406489 406565 406686 407690 415142 415159 415168 415169 415196 415229 436674 436758 436759 436760 436829 445028 445038 445040 445041 445053 445150 447945 449547 450009 493604 541327 541330 550391 552972 553284 553555 553580 553709 553771 553799 554098 554155 556272 556556 557397 558080 558312 560828 562703 565937 569841 571648 572109 572170 58101 619204 641289 677758 735250 751639 751640 751681 751694 751723 751730 751746 767758 767765 767785 768187 768305 791211 793878
dre03013_RNA_transport	100000532 100000842 100002528 100002872 100004014 100004503 100004610 100005893 100317326 100529857 100537552 114445 192325 259191 30172 30432 30516 30572 30622 30699 321035 321283 321564 321744 322237 322256 322599 322969 323865 324365 324490 324743 324754 325064 325102 327020 327220 327341 327495 327515 327625 334234 334618 334749 335236 335750 336334 336498 336613 336619 337461 368417 368664 368893 373077 378454 386634 386945 393125 393180 393273 393274 393566 393635 393693 393732 393856 393917 393929 393973 393974 394049 394053 394189 399484 403025 405828 405839 406263 406398 406438 406491 406510 406751 406760 406783 406823 406852 407733 415150 415238 415249 436644 436798 436813 436892 436950 445027 445035 445109 445110 445136 445231 445302 445306 445382 445490 492482 492652 503767 541352 541421 541444 541523 541548 550271 550549 553214 553721 553787 556273 556400 557270 558020 558395 558662 558883 559225 560127 561049 561138 561194 562350 563392 563613 566608 567151 568298 568761 569006 570700 570945 571621 572435 606498 664756 751719 751738 767677 777756 79380 796380 798071 798703 799016 799538 799566
dre03015_mRNA_surveillance_pathway	100002680 100002802 100003223 100005893 100005981 100334020 192325 266989 30203 321035 321614 323865 324238 324267 324554 325284 327020 327069 327263 327301 327495 327625 334597 368893 373878 373881 386806 393100 393566 393593 393693 393701 393856 393885 393917 393929 394053 394084 394092 394111 403025 404041 405803 405816 406326 406543 406582 406610 406685 406751 406783 407733 407980 432372 436657 445485 449009 449548 450021 492341 503755 503767 541389 550585 553261 557208 558752 558810 559392 560127 561459 561900 562282 562460 562801 563172 565575 565621 565849 566032 566608 569006 569810 570858 571753 606498 751719 751738
dre03018_RNA_degradation	100003553 100007313 100007655 100009659 100037372 100126012 100332172 100535720 100538016 100750260 114432 282676 30079 317641 321035 321940 323016 324048 324574 326786 327625 327627 334116 360153 373085 378946 378963 386629 393121 393668 393669 393712 393827 393856 394008 394064 394144 402850 402874 406245 406632 406788 406795 415167 445157 445224 447836 448949 449540 449918 449987 450057 474329 492479 492503 504054 550234 550247 553665 556271 557829 558857 559653 560362 560386 560944 561416 563948 564633 565000 565659 566017 568001 568176 568678 569055 569072 570106 573047 57924 606498 751632 768119 791461 792831
dre03020_RNA_polymerase	100000978 100149268 324088 325603 327078 334669 336518 393201 393257 393538 394162 402856 436588 436749 436817 436826 445170 445412 449786 449992 541428 550263 553347 553705 553733 554099 562329 572258 796803
dre03022_Basal_transcription_factors	100002261 100148942 100149942 100150678 100151595 321485 323239 323974 324153 324323 324486 324823 325832 334055 334474 334839 334854 368882 386637 393256 393900 403035 405897 407713 415217 436821 436837 447818 447857 450080 541325 555452 556710 557363 564106 567899 641491 751713 767629 798997 81597
dre03030_DNA_replication	100005387 100037336 100147915 192320 192323 192333 192338 259256 286747 30440 30678 317740 322059 327491 337598 386707 393195 393196 393241 393774 406435 407653 436932 445385 503748 550274 550504 553405 553610 556456 556995 559535 564982 566409 571834 65226 692256 796456
dre03040_Spliceosome	100004402 100005893 100037380 100126123 100145909 100535720 192318 192325 192328 192330 192331 286774 30671 321114 321544 321555 321852 321860 321872 321931 321948 322206 323071 323700 323855 324121 324476 326944 327011 327336 327495 334283 334490 335396 336645 337851 368417 368893 373077 378453 387600 393282 393292 393388 393436 393467 393476 393480 393505 393565 393586 393669 393840 393850 393889 393917 393920 393951 393968 393979 394018 394053 394059 394172 402896 402950 402966 402972 402989 403072 405835 406264 406288 406495 406691 406775 406810 406824 415140 415157 415167 431751 436751 436883 436946 436976 445043 445089 445302 445383 445398 445404 446117 446168 447922 449780 492481 492495 492511 493614 494133 494165 494534 503767 503932 550244 550373 555643 557103 558042 560127 560210 562370 563948 566017 566326 567461 568088 570205 570994 572211 572679 573047 573376 57924 606595 751729 790924 793027 796388 796523 797473 798846 799690
dre03050_Proteasome	100331481 171585 30387 30388 30647 30648 30649 30665 30666 321585 321898 321947 322265 322269 326687 326884 327330 336786 393261 393518 393544 393922 393941 403011 403015 405790 406445 415181 415202 415221 436816 436820 436862 436882 445030 445033 445285 445413 446135 503934 550287 550488 550499 553346 554153 554967 564370 573095 64278 64279 64280 64281 793897 799058 83917
dre03060_Protein_export	192298 266796 327335 378848 393963 394071 405884 406652 436772 436794 436845 436861 445299 446119 541342 562963 563660 569063 606666 619260 791986 795154
dre03320_PPAR_signaling_pathway	100000859 100002756 100005717 100006023 100034463 100136866 100331214 140615 171478 30354 30355 30464 30530 30708 30754 322341 334529 334561 335159 336542 378727 386661 393543 393622 393831 393839 394148 394156 403000 406283 406421 406473 407736 415166 431754 436617 436636 445125 445175 445281 447860 449662 492647 494096 541410 548341 550134 550432 553512 553734 555308 555578 557037 557714 558088 559656 560000 562602 565876 566863 567157 568835 568883 58128 751715 777766 791610 794841 795106
dre03410_Base_excision_repair	100007906 100008368 101887128 192320 30678 321622 335495 386707 393115 393253 393774 393949 406697 406730 445480 492463 550274 550335 553405 553610 553789 554204 556456 556995 558045 558403 558951 560788 563276 566516 570901 571301 571834 692256 791194 795095 796456
dre03420_Nucleotide_excision_repair	100001425 100004133 100006257 100037336 100151595 192320 259256 30678 323239 324323 327322 327491 334839 393196 393443 393536 393599 393774 393900 394002 405897 406435 436837 445284 445385 447857 449811 449846 450080 503748 541325 541386 541502 553405 553610 556456 556995 560313 560477 562839 571834 65226 692256 751713 796456
dre03430_Mismatch_repair	100037336 259256 260437 30678 327491 393196 393632 406435 406778 406845 445385 503748 550504 556456 556995 565276 565400 568323 571834 65226 692256 796456
dre03440_Homologous_recombination	100332307 322269 327491 393196 394119 404608 406487 406637 406721 406839 450081 541414 544655 550504 553029 553395 554171 556456 558350 560212 560482 566758 571834 572540 65226 678602 692256 793414 796456
dre03450_Non-homologous_end-joining	334488 386707 393218 393759 406593 406637 406697 449848 544653 550274 553029 562283 566285 569525
dre03460_Fanconi_anemia_pathway	100001169 100001425 100001845 100006685 100332307 100332714 100538153 140613 30288 322007 324185 327322 327491 334682 393149 393196 393632 394241 402936 406255 406487 406839 450081 550532 558350 558534 558923 559470 560212 562749 563218 565276 565458 565685 566758 566857 567770 569100 569270 570043 572540 65226 678520 692125 692126 692127 692250 768152 777634 777754 793414 794038
dre04010_MAPK_signaling_pathway	100000160 100000342 100000665 100002155 100002225 100002318 100003220 100003329 100003481 100003514 100004003 100004261 100004576 100005049 100005183 100005446 100005496 100005852 100006132 100006166 100006516 100006675 100007679 100009657 100034540 100034580 100034609 100048921 100126123 100148645 100148818 100149273 100149794 100151551 100317924 100318355 100331116 100331581 100333948 100333967 100334486 100535196 100536317 100537717 100538234 101910198 103909601 103909873 114436 140621 170581 266749 266756 30093 30380 30431 30467 30538 30546 30549 30554 30560 30575 30590 30671 30672 30681 30703 30704 30705 30716 30739 321107 321378 322013 324125 325034 325488 326708 327204 327246 327321 334167 335916 336839 337670 338219 352940 353314 359829 359830 359834 360144 368243 368245 369194 369195 373103 373121 378478 378480 378972 386825 386856 393141 393228 393287 393548 393586 393614 393733 393854 393953 393998 394099 394146 394198 399480 402991 403003 403045 403052 403065 403084 403146 403310 404231 404626 405770 405785 405791 405817 405892 406304 406308 406340 406471 406514 406523 406604 406714 406728 407737 415099 415100 415151 415185 415242 431720 431763 436608 436678 436925 437027 445057 445076 445234 445289 447814 449660 492758 493181 493609 494163 494454 494455 494456 497384 497407 497640 497642 497646 503589 541323 541530 541536 550286 550513 550548 550554 553266 553520 553597 553656 553788 554561 555650 555703 555941 555974 556172 556226 556286 556410 556443 557063 557109 557526 557693 557810 557926 558281 558321 558453 558859 559087 559247 559524 559529 559964 560210 560211 560446 560549 560578 560875 560913 561006 561262 561434 561669 561670 561772 561959 562422 562529 562552 562720 562796 562838 563023 563147 563181 563441 563460 563560 563727 563884 563904 564064 564274 564295 564337 564403 564518 564770 564873 564875 564883 565158 565173 565241 565386 566351 566604 566869 567018 567438 567833 567895 568225 568315 568412 568759 568885 568951 569243 569528 569698 570238 570240 570288 570435 570683 571193 571285 571431 571865 573376 57925 58118 58129 58133 65090 65236 65237 65239 678560 678610 692065 724048 735295 767790 768248 777728 777735 790934 792699 792928 793158 793952 794222 794574 795167 795414 795492 795517 795766 796490 796867 797409 797658 798408 798657 798771 798846 798864 799204
dre04012_ErbB_signaling_pathway	100000252 100000720 100002225 100002263 100003514 100006675 100007677 100034402 100149258 100149273 100149794 100151416 100270726 100332111 100333967 100334953 100535494 100536197 101882495 101885162 101910198 103909873 142986 266749 30380 30654 30716 323588 323818 324254 325034 325084 335916 360144 368329 369197 373103 373867 378478 378972 386635 386705 386966 393141 393228 393953 393972 394174 399480 402862 403045 403052 403063 403065 403146 404211 405898 406308 406311 406349 406598 406666 406728 431769 436815 445098 445208 445234 445289 445474 492364 493609 497384 503869 544664 550286 550436 553656 556277 556286 556443 557109 557176 560194 560549 560913 561670 561737 561747 562011 562064 562242 562720 563181 564261 564584 565383 567874 567895 568951 569698 570636 571431 58100 65236 767639 791855 793359 796461 797938 798222 799566
dre04020_Calcium_signaling_pathway	100000544 100000981 100001530 100001532 100001636 100002038 100002125 100002285 100002627 100003514 100003535 100003539 100003770 100004938 100005590 100005675 100006675 100007677 100037315 100038774 100038775 100137117 100148976 100149100 100149161 100149258 100149388 100149482 100149598 100150090 100150246 100329743 100330960 100331465 100331840 100332913 100333270 100333455 100333538 100333648 100333702 100333967 100334881 100536080 100536970 100537538 100538234 101882850 101884360 101885162 101886891 102216340 103911964 114550 170581 192321 192322 245950 259258 260440 30442 321808 322126 322720 327067 327379 334582 336121 336612 337489 352938 353247 368199 368217 368475 373867 373879 378478 378746 386635 386856 386966 387296 387297 387298 387299 387300 387301 393186 393937 393940 393953 393998 394199 402892 402920 403310 404036 405791 406529 406660 415175 436815 445076 445208 445232 445297 447814 447887 449707 449864 492467 492486 492576 493613 494489 497384 544664 550270 550436 550554 553489 553675 553978 554046 555443 555482 555516 555548 555576 555612 555939 555941 556160 556199 556360 556431 557026 557194 557259 557353 557430 557902 557926 558248 558477 558525 558685 558878 559201 559315 559529 559806 559964 560100 560410 560561 560719 560808 560875 561350 561491 561635 561701 561747 562064 562111 562569 562585 562625 562640 562796 562919 563019 563111 563147 563297 563567 563654 563724 563901 563904 563953 564017 564064 564274 564337 564465 564528 564945 565241 565304 565379 565669 565838 566118 566351 566370 566671 566845 567212 567289 567611 568126 568265 568269 568288 568406 568512 568614 568671 568726 569038 569040 569344 569382 569499 569510 569528 569706 570108 570245 570493 570683 571431 571591 571679 571808 571825 572143 572183 58082 58147 60658 641328 735302 735303 751784 767745 791855 792519 792634 792708 793359 794215 794278 794365 794574 794575 794658 794666 797199 797212 798222 798498 798565 799082 799156 799227
dre04060_Cytokine-cytokine_receptor_interaction	100001424 100002479 100002946 100003859 100004358 100004455 100004625 100004988 100005081 100006078 100006778 100034523 100036550 100037357 100126803 100134935 100134971 100134973 100134976 100135062 100135755 100144554 100144562 100149404 100149664 100150203 100150233 100150664 100151629 100174902 100188894 100189608 100192217 100270764 100329124 100329796 100333821 100333914 100334210 100535003 100537421 100885851 101883301 101887143 103909601 103911891 103911910 114447 140747 30121 30183 30256 30268 30457 30584 30615 30682 30739 30742 334010 336944 352944 359834 360134 368438 369194 369195 378478 378480 386856 403045 403049 404605 405770 405785 405790 406471 407651 407674 436866 445373 445381 445410 447846 493624 493781 497629 541493 544667 553179 553181 553359 553366 553500 553957 554167 554230 555655 555717 556326 556728 557567 558154 558616 559529 559725 560446 560578 561050 561268 561494 562247 562822 563152 563674 563884 564338 564348 564874 565958 566708 567241 567542 568405 570404 571217 571431 572204 58145 58151 619391 64274 654692 654826 678512 678622 692307 735295 751109 767790 768248 777653 791704 791973 792928 793148 793479 793819 793920 794616 795469 795788 796370 796490 796537 796604 796724 797527 798119 798191 798657 798740 798892 799204 799354 799475 799612
dre04068_FoxO_signaling_pathway	100000252 100000750 100001198 100002225 100002263 100002318 100006858 100134973 100148413 100149273 100149794 100150246 100151416 100170795 100190951 100329897 100331892 100333252 100885851 101910198 103909873 114433 117508 117509 245699 245700 245701 245702 266756 266794 280649 30068 30222 30262 30274 30296 30380 30637 30639 30658 30663 30681 30716 30739 30767 321974 323588 324140 326974 334202 335232 335799 336116 359834 360144 368316 368329 368390 368415 369194 369195 378478 378727 378972 393228 393285 393287 393548 393707 393891 394088 394174 399480 402792 402857 402862 402991 403000 403036 403037 403045 403063 403064 403065 403146 404211 405892 406304 406308 406311 406440 406473 406598 406715 406728 415185 431763 436729 436769 436866 436905 445118 445289 493609 494532 497646 550286 550537 553319 553656 553661 553758 553957 555576 556286 557109 557176 557810 559050 559111 559273 559281 560317 560446 560549 560578 561670 561737 562552 562720 563180 563181 563460 563560 563708 563719 563884 564261 564523 565109 565576 565612 566735 566841 567111 567969 568155 568316 569698 570761 570956 570965 571431 572001 572074 58025 58092 64617 65236 65237 678619 735295 767751 768121 790919 792928 793200 794088 794462 797132 799608
dre04070_Phosphatidylinositol_signaling_system	100000252 100001532 100002015 100002263 100003514 100006675 100037338 100137124 100148744 100149388 100150463 100151036 100317089 100330514 100331649 100333801 100333967 100536469 100537538 192322 30644 321808 322041 322720 323588 323929 325179 327346 327379 336121 337236 337489 337690 368217 368415 373124 373867 393365 393584 393838 393953 394161 394174 404211 404620 406290 406311 406598 406660 406667 436662 437018 447840 449831 449862 492549 497384 541511 541517 548346 553380 553595 553629 553750 555443 555899 556136 556748 556956 557176 557324 559103 559198 560006 560360 560881 561737 561747 562569 562585 562919 563019 563201 563543 564261 564478 564528 564750 565122 565669 566188 566642 567611 567728 567938 568288 569040 569568 571356 606579 641570 641571 678558 724010 777716 790916 792527 794088 794666 798876
dre04080_Neuroactive_ligand-receptor_interaction	100000110 100000544 100000959 100000981 100001424 100001530 100001562 100001586 100001633 100001636 100001828 100001854 100001919 100002125 100002285 100002324 100002481 100002546 100002627 100002715 100002786 100003319 100003441 100003535 100003539 100003630 100003852 100003922 100004742 100004938 100005344 100005416 100005590 100005675 100006941 100007926 100034373 100034374 100034376 100034377 100034378 100034379 100034380 100034381 100034516 100034543 100034599 100034600 100034601 100034639 100034645 100034646 100034659 100037315 100037375 100038775 100073342 100137117 100147984 100148961 100149100 100149161 100149223 100149482 100149598 100149666 100149675 100149732 100150233 100150246 100150393 100150578 100150617 100150631 100150632 100150701 100150704 100150764 100150810 100150997 100151047 100151309 100151502 100170837 100270671 100270672 100329273 100329592 100329657 100329743 100330554 100330560 100330650 100330681 100330826 100330906 100330960 100330975 100331077 100331180 100331190 100331377 100331381 100331396 100331465 100331466 100331742 100332187 100332366 100332913 100333101 100333265 100333270 100333348 100333455 100333578 100333648 100333913 100334247 100334518 100334689 100334793 100334883 100334962 100335005 100498669 100534787 100535037 100535160 100536080 100536406 100536659 100536970 101882637 101882850 101885196 101885360 101885514 102216338 102216340 114550 170450 170451 170452 170457 192124 195820 259258 266750 266751 266752 266754 266755 282554 282557 286833 286834 286835 30442 30509 30607 30629 30650 30651 30667 30668 30670 30676 30713 30714 30717 30725 317643 322691 325080 325881 336069 336153 336252 336529 352938 353151 353152 353153 353180 353181 353223 360139 368199 368416 368435 368461 368475 373873 373879 378718 378719 387296 387297 387298 387299 387300 387301 393608 394199 402851 402857 402917 402918 402920 402987 403044 403050 404209 404273 406588 407639 407651 407735 445193 445508 448841 449010 449864 450011 492350 492486 503564 503565 503566 503772 503868 541315 550520 550584 553402 553675 553740 553978 555473 555482 555516 555576 555747 555939 556013 556202 556429 556431 556582 556619 557194 557259 557276 557511 558248 558427 558477 558520 558708 558878 559133 559201 559315 559693 559806 559976 560057 560100 560267 560609 560808 560955 561195 561260 561324 561406 561491 561540 561647 561701 561773 561834 561898 561906 561935 562111 562469 562831 563111 563297 563567 564017 564348 564461 564832 564876 564945 565237 565256 565304 565450 565492 565718 565838 566099 566118 566411 566497 566514 566633 566888 566922 566989 567057 567181 567241 567289 567820 567940 568126 568254 568269 568406 568467 568484 568566 568614 568807 568849 569032 569038 569344 569382 569768 570189 570410 570493 570876 571079 571123 571422 571591 571679 571773 571808 572143 58147 64617 65088 65223 654782 678575 735302 735303 751748 751784 767745 768183 792119 792371 792519 792590 792634 792708 793315 793334 793646 793668 793750 793756 794215 794255 794278 794359 794365 794401 794440 794512 794519 794575 794579 794647 794649 794658 794698 794715 794923 794924 794997 795068 795139 795246 795311 795317 795424 795486 795656 795753 797212 797538 798001 798498 798689 798737 798791 799082 799124 799156 799227 799612 81886
dre04110_Cell_cycle	100000720 100034507 100049158 100147915 100151416 100307076 100307086 100318335 100331892 100333252 101885420 117604 192295 192302 192323 192333 192338 280649 286747 30188 30222 30450 30590 30637 30639 30654 30678 317763 321729 322060 322275 322854 323055 323883 324256 324475 327060 327471 334315 335195 336610 336998 337598 338204 359834 368316 368329 369194 369195 393141 393148 393162 393223 393548 393716 393886 393907 394124 399483 399487 402825 402862 402908 402991 403012 403060 403064 404206 405897 406304 406353 406419 406443 406462 406479 406695 406715 406741 406813 406816 415165 431763 445501 449846 492768 494046 497646 503763 541325 550258 550434 554509 555797 558402 559111 559273 559665 560194 560317 560560 560751 562014 562283 563669 563708 563884 564533 564967 564982 565612 565969 566409 566831 566841 567006 567111 567168 567770 568795 568846 569473 569515 57925 58025 58092 767751 768140 768161 777730 777733 791146 795522 797354 797406 798352 799015 799608 80973
dre04114_Oocyte_meiosis	100003223 100005148 100005268 100005885 100005981 100009657 100049158 100148976 100149388 100307076 100307086 100318335 100330483 100333151 100333538 100333702 100538234 101884360 114433 117604 192322 245701 245702 280649 30114 30188 30262 30450 30702 321729 321808 322060 322854 323055 323883 324475 327301 327379 334373 334597 335195 336121 336610 337670 338219 360144 368217 368316 373878 373881 393403 393716 393885 393907 393956 393998 399480 399487 403060 406353 406419 406443 406582 406610 406660 406685 406715 406728 406816 406825 407980 415165 436815 445076 445208 445246 445392 445501 447814 449548 449846 494046 503763 550258 550434 550436 550554 550585 557026 557208 557810 557902 557926 558402 559665 560410 560560 560719 560807 562014 562064 562282 562460 562585 562619 563147 563724 564064 564337 565241 566735 567611 568726 568795 568838 569473 569499 569575 570652 571285 571753 571825 58025 678633 768140 777728 79079 791138 791855 793359 794574 794666 795517 797354 797406 798222 798352 80973
dre04115_p53_signaling_pathway	100004133 100004321 100034507 100037391 100136840 100149048 100149745 100151416 100320152 100330864 100537489 114433 140621 171473 266794 30188 30222 30590 30637 30733 321875 324098 324137 334932 336998 368221 368316 368415 378728 393162 393356 393548 394065 402991 403064 403079 406304 406715 406840 415158 415165 431763 436933 492468 492763 494479 497646 550597 553652 553689 557302 558619 559425 561535 561901 563527 566604 567524 567770 569515 571033 58022 58025 58081 58131 751765 767645 767751 768248 777730 794088 796473 799608 80955 80973
dre04120_Ubiquitin_mediated_proteolysis	100000479 100001302 100001914 100003587 100003679 100004133 100006147 100007662 100037384 100037391 100073331 100136859 100318335 100319387 100330031 100330952 100331274 100331775 100334486 100537290 114445 170784 192341 30100 30450 30622 30637 321544 321689 321695 321832 321875 321943 322854 323883 323951 324015 324089 324237 324243 324655 325470 334133 334373 334627 335226 335444 336088 336598 368425 373107 373108 378728 393223 393313 393314 393445 393599 393716 393907 393933 393934 393966 394002 394085 402829 406255 406335 406353 406596 406606 406672 406712 406776 406794 406807 406816 406825 415148 415162 436602 436713 436873 445073 445100 445501 449811 449846 492364 494046 503534 541355 550328 550464 553327 553415 553603 554561 556277 556864 557121 557472 557513 558402 558479 559439 559634 559776 560313 562014 562764 562982 563542 563633 563708 564149 564377 564496 564527 564866 564991 565383 565498 565844 566441 567370 568795 569473 572370 692325 768140 791202 792398 792631 793939 795635 796547 797853 798352 80955
dre04122_Sulfur_relay_system	100003554 393095 393098 445166 553625 558120 562714 793471 796025
dre04130_SNARE_interactions_in_vesicular_transport	100001316 100006625 100151249 100536636 103908618 114464 323105 323735 324569 325484 327007 327277 336281 393159 393236 393294 393346 393515 393708 393836 394011 394067 405846 406707 415135 415163 436605 436805 445167 445493 492808 550577 553460 554130 562669 562857 565822 567385 570366 571872 58038 641321 795732
dre04140_Regulation_of_autophagy	100001198 100034627 100037316 100126803 100329702 100333016 30262 326974 336632 360134 393405 393846 403036 405790 407686 415193 448859 494180 548346 550552 554140 558848 564088 566735 570965 572074 641330 793200 795933
dre04141_Protein_processing_in_endoplasmic_reticulum	100000479 100000526 100000769 100001092 100001914 100002072 100004321 100005446 100005496 100006207 100007048 100037384 100126123 100148383 100149273 100149925 100334730 100537822 140614 170784 192298 266638 266757 266796 266797 30248 30393 30573 30591 30671 321315 321564 321832 322160 322544 322863 323883 323922 324005 324015 324243 324855 325317 325561 326701 326710 327133 327197 327244 327268 327447 334133 334337 334633 334658 335226 335444 335538 335985 337190 338155 360149 368331 368488 373100 378848 378851 386590 386709 386768 393321 393371 393417 393536 393586 393716 393877 393934 393975 394028 394079 394085 394164 402801 405841 406289 406310 406408 406442 406514 406549 406673 406753 406757 406768 406774 406794 406814 406816 436724 436772 436861 436911 445091 445123 445177 445284 449846 492805 497542 503703 541374 550328 550411 550464 550505 550581 553288 553324 553353 553407 553448 553455 553582 553627 554093 554177 554960 554998 555703 556237 556410 556580 557526 557858 557960 558071 558108 559564 559775 559776 559811 560210 560913 561686 562019 562592 562720 562839 563053 563660 564295 565106 565155 565338 565499 565825 566078 566527 567021 567029 567913 568308 568615 569698 570772 571681 571870 573376 58081 65236 735249 767645 767700 777612 791986 798071 798846 83414
dre04142_Lysosome	100000085 100000165 100000399 100002366 100003139 100003844 100004566 100005129 100005175 100005220 100005266 100005356 100006090 100126133 100150238 100329505 100329879 100330411 100332784 100334661 100538007 103911283 140811 192336 192340 195824 266798 282673 286779 30443 321453 321461 321724 321818 322811 323579 323613 324307 324466 324818 324985 325402 327237 327635 335008 336746 337532 337572 368704 368852 368911 393128 393135 393279 393309 393398 393549 393657 403021 405845 406318 406342 406385 406486 406511 406625 406645 406648 406713 406801 415147 415244 431731 436641 436692 436725 436812 436945 445244 447897 449649 449791 450022 450068 450083 492340 492643 503600 503759 541416 541519 548343 550460 550475 550529 553330 553365 553423 553594 553691 554157 555639 556700 557061 559072 559850 559959 560126 560593 560778 561117 561469 562166 562996 563328 563359 563849 564342 564731 564790 565246 565588 565645 566506 566517 567333 567720 569153 569298 569407 569719 570148 570467 571441 619258 65225 678623 767760 767799 791159 792966 795916 798347 798361 799153
dre04144_Endocytosis	100000160 100001531 100002190 100003206 100004330 100004931 100004988 100005008 100005081 100005341 100005449 100005753 100005765 100006041 100007677 100009637 100009646 100037315 100073336 100124652 100126123 100141338 100144554 100147988 100148085 100148154 100148736 100149161 100149258 100149572 100149843 100150664 100151129 100151196 100151491 100170824 100170829 100307098 100329879 100329953 100330031 100330077 100331274 100332526 100333543 100334572 100334729 100537448 101884856 101885162 114447 114456 117507 140747 245701 245702 30256 30512 30546 30637 30639 30671 30739 321051 321378 321460 321695 321938 322991 323203 323579 323695 323870 325084 325586 327026 327029 327068 334108 334175 334632 334911 335083 335158 335474 335810 336063 336368 336426 336504 336839 337386 337401 337495 337737 352940 359834 368278 368323 368364 368822 369194 369195 373871 378478 378838 386635 386807 386856 386967 386994 387529 393142 393150 393152 393164 393351 393456 393535 393550 393557 393562 393586 393754 393804 393880 393881 393902 393945 394001 394034 394091 394094 394098 394099 394243 399477 399482 402861 402885 402889 403031 403045 403050 404040 405810 405821 405840 406318 406411 406414 406525 406621 406659 406669 406671 406684 406704 406766 406797 406798 406837 407684 415179 415190 415204 415240 415255 431725 436678 436688 436718 436806 436828 436839 445047 445154 445305 445397 447839 447840 447863 449549 449679 449831 474327 492364 492487 492497 492549 492771 494477 497629 503600 544664 544667 550286 550406 550542 553266 553374 553629 553656 553764 554230 554561 555174 555340 555737 556104 556132 556226 556277 556641 557061 557194 557199 558153 558248 558477 558613 558931 559329 559334 559483 559634 559690 560210 560446 560461 560542 560578 560581 560761 560806 561288 561653 561659 561697 561771 561879 562719 562943 562949 563459 563511 563633 563884 563976 564152 564814 565109 565383 565434 565563 565743 565752 565838 565859 566086 566120 566350 566797 566849 567055 567182 567190 567272 567452 568064 568170 568405 568737 568800 568935 569240 569358 569403 569532 569546 570669 570918 570939 571256 571431 571453 571626 571767 571897 572492 573376 573437 573631 58092 58129 619253 641490 641572 64274 64885 751630 767667 767670 777731 777738 791153 791212 792229 792519 792828 792915 792928 793158 793623 793882 793920 794215 794278 794365 794400 794689 794862 795505 796345 796537 796604 796724 796867 797187 797355 797422 798846 798876 798901 799082 799156 799227 799274 799278 80959
dre04145_Phagosome	100001836 100002113 100003139 100004566 100004793 100005026 100006132 100006166 100038779 100137128 100151255 100286774 100318854 100332402 100333015 100333043 100535241 100536533 100537272 100538038 114464 192298 192335 192336 195824 252849 252850 266796 286779 30248 30443 30491 30762 30763 30764 30783 321046 321315 321453 321724 322811 324307 324985 325317 325402 327204 327277 327377 334175 335025 335110 335509 335798 336681 337223 337572 337583 337690 337737 359839 359840 368614 368615 368771 368816 368877 368878 368907 373080 378966 386701 386787 386807 387260 393154 393386 393398 393551 393557 393664 393902 393935 393945 394110 403014 403125 403131 403132 405821 405864 406303 406342 406486 406757 406811 415141 415163 431725 431777 436636 436641 436772 436799 445164 449549 449655 450017 492459 494039 494477 548346 550458 553691 553767 554127 554130 554157 556103 556734 557797 558552 558942 559502 561117 561469 561525 561612 561901 562473 562669 562838 562943 563328 563429 563556 565074 566971 569124 571282 571584 573122 573216 573266 57934 57935 60658 641421 641561 641565 64885 654336 767729 767746 767806 791723 791986 792699 798868
dre04146_Peroxisome	100000859 100003383 100006589 100034578 100037349 100093708 100329471 100537809 30068 30553 324778 334561 334644 335799 386801 386951 393105 393174 393197 393455 393539 393618 393622 393839 394131 394140 394190 402827 402994 404036 405800 406358 406421 406623 406803 431754 436603 436833 436840 436918 445175 447855 447860 447868 449545 449662 449821 450048 450052 492477 494096 494099 541344 541405 550370 550422 550521 553204 553653 554105 555308 556228 557009 558601 559656 559933 560486 562105 563178 563199 563203 563654 565385 565760 566065 566367 566742 566863 567157 571388 572335 573990 619259 767748 792998 79378 793906 794545
dre04150_mTOR_signaling_pathway	100000252 100000325 100001198 100002263 100003514 100006675 100009657 100037316 100149794 100329702 100330617 100333967 100537489 101910198 114433 30262 30682 323588 324254 325358 334550 336619 337167 337670 338219 360144 368415 378866 378972 393202 393702 393732 393953 394174 399480 403000 403065 403146 404211 405785 406311 406349 406598 406822 415235 445028 492361 497384 541523 550537 550549 553214 557176 558154 558848 559281 560455 560549 561737 561835 562242 563560 564261 566559 566735 567524 570568 571285 572074 573492 767781 777728 792689 79380 794088 799566
dre04260_Cardiac_muscle_contraction	100002384 100003220 100003329 100034540 100034580 100037383 100148645 100329748 100329813 100331116 100333064 100333135 100535196 100537244 100538277 100884147 101885761 114457 140512 140539 140540 140541 170581 30324 30468 30616 322013 322549 324244 326962 326975 335751 335774 336118 337770 353247 373076 393478 393614 393776 393793 393908 402880 403310 405791 406359 406437 408256 415175 415209 415253 436768 436925 436930 436968 447942 494577 554101 554103 554154 557348 559964 561434 562422 563476 564379 564883 565158 566723 567438 568225 568759 569770 570210 570683 571193 574004 58071 58114 64267 64269 64272 64273 64609 64610 64611 64612 64616 677750 678560 751638 768300 794222 794522 795135 795492 797409
dre04261_Adrenergic_signaling_in_cardiomyocytes	100000252 100001532 100002263 100002318 100002802 100003220 100003223 100003329 100005325 100005981 100006516 100006888 100007048 100034540 100034580 100037315 100037383 100148645 100148976 100149100 100149794 100329748 100329813 100331116 100333318 100333455 100333538 100333702 100333967 100535196 100537244 100537538 100538234 100538277 100884147 101884360 101885761 101886094 101886280 101910198 114457 170581 192322 266756 30324 30468 30616 30681 321808 322013 323509 323588 324244 327263 327301 327379 327650 334597 336121 336421 337770 338317 353247 360144 368217 373076 373878 373881 378746 378972 393100 393614 393885 393908 393946 393998 394174 399480 403146 403310 404211 405791 405816 406311 406437 406514 406582 406598 406610 406660 406685 406853 407980 408256 415175 415185 415209 436815 436925 445076 445208 445232 445297 449548 492486 497384 503772 550436 550585 553700 555423 555432 555548 556410 557026 557176 557194 557208 557259 557353 557430 557498 557810 557902 558248 558525 558752 558810 559170 559392 559964 560410 560549 560719 560807 561434 561737 562064 562282 562422 562460 562552 562619 562625 563147 563724 563953 564064 564261 564883 565158 565173 565838 565849 565910 566032 566069 567018 567438 568225 568614 568726 568759 569499 570108 570210 570652 570683 570772 571193 571753 571825 573207 574004 58071 58114 64267 64269 64272 64273 64609 64610 64611 64612 64616 65237 677750 678560 768300 777612 791169 791855 792519 793359 794222 794522 794575 795135 795492 797409 798222 798498
dre04270_Vascular_smooth_muscle_contraction	100001532 100002225 100003223 100003514 100003770 100005075 100006041 100006675 100007315 100144561 100148818 100148976 100149100 100149324 100149388 100150304 100150844 100329779 100331745 100331961 100332055 100333455 100333538 100333702 100333967 100537538 100538234 101884360 101885585 101885790 103908640 114550 170581 192322 30554 30716 317747 321070 321808 322509 322909 326719 326825 327301 327379 334571 334597 336121 337226 360144 368217 393783 393953 393998 394005 399480 402802 403063 403065 403310 405791 406370 406411 406493 406659 406660 406728 406739 407980 436622 436718 436966 445076 445232 445297 445393 445508 449707 450006 492486 492576 493613 497384 503589 550420 550561 555521 555939 557026 557109 557191 557259 557353 557902 558685 559087 559964 560100 560410 560653 560719 560807 561406 561635 561701 562455 562585 562619 562625 563147 563181 563724 563892 563953 564064 565268 565386 566118 566313 566845 567611 568554 568614 568726 569499 569510 570108 570218 570652 570683 571031 571591 571738 571753 571825 571837 641423 751630 794575 794666 796753 798498 798583 798632 798864
dre04310_Wnt_signaling_pathway	100000500 100001532 100003514 100003877 100006041 100006132 100006166 100006275 100006675 100006754 100006858 100148840 100149082 100149273 100332722 100333254 100333967 100535532 100537538 100538234 103908663 117510 118437 192307 245946 245949 30105 30122 30123 30128 30144 30171 30197 30206 30221 30222 30265 30283 30308 30363 30364 30366 30369 30370 30412 30428 30476 30488 30502 30510 30523 30544 30590 30654 30701 30719 30754 317679 317747 323630 323883 327204 333999 334373 335916 359837 368249 368250 378728 386762 393141 393533 393716 393953 393998 402843 403076 405823 405892 406411 406659 406816 406825 415151 415254 431736 436718 436815 437027 445076 445208 447800 447814 449846 497384 550436 550554 553788 556087 556379 556400 557384 557447 557451 557926 559111 559273 560032 560060 560194 560294 560317 561682 561772 561831 562064 562720 562838 563147 563427 563460 564064 564241 564337 565241 565612 565677 565714 565771 565921 566040 566841 566869 566878 567111 567746 568191 568214 568315 568518 569420 569698 569863 570510 571865 57931 58023 58072 58073 58080 58117 60632 65229 65230 65236 678649 751108 751630 751644 791454 791563 791595 791855 792404 792699 793359 794221 794574 795167 798222 798465 799608 80955 80972 83496
dre04320_Dorso-ventral_axis_formation	100005268 100009655 100330483 100333151 103909873 114444 280651 30702 30718 326672 360144 368200 378478 393228 393956 399480 403065 406308 406728 445289 492470 493609 556286 557962 561670 566432 571431 572134 58065 58066 79079 793321 794892
dre04330_Notch_signaling_pathway	100149082 100534909 101886283 140421 140422 140423 140613 192302 30120 30131 30138 30141 30158 30206 30221 30288 30718 321852 323630 324142 334026 359836 386772 386808 393500 402810 402914 414848 493633 494449 497616 503870 553421 555517 559273 559336 560032 560657 561503 563306 563920 563942 565612 566841 567111 567335 568626 569863 570481 58026 58065 58066 65229 65230 678649 692064 794892 80972
dre04340_Hedgehog_signaling_pathway	100001615 100005514 100006858 100007048 100538234 192307 280652 30154 30181 30189 30222 30225 30269 30299 30444 30654 321378 321695 322106 323883 324655 326102 334373 334628 352930 368421 393998 394099 403042 406533 406816 406825 436678 445076 494092 541318 544651 548610 550267 553266 554152 558147 560194 561724 563147 563633 564064 568184 569403 570772 572370 619520 777760 796318 796867 799608
dre04350_TGF-beta_signaling_pathway	100004116 100005449 100006041 100149664 100329520 100329779 100332902 100334210 100535338 246093 266599 30145 30146 30161 30164 30173 30180 30183 30185 30275 30457 30493 30584 30612 30615 30628 30632 30639 30641 30642 30739 30742 321070 321364 321695 321756 323883 324109 326282 338101 359834 360144 369194 369195 393141 393716 393885 394026 399480 402908 404629 405785 405790 406349 406411 406582 406659 406685 406741 406813 406816 431736 436718 445564 447846 449548 449846 493624 503761 550585 553359 553816 555655 557567 559111 559273 560317 560446 560578 561901 561963 562180 562242 562822 563633 563884 564395 565612 566470 566841 567111 58092 58145 64698 664761 751630 792928 794689 795522 799352 83496
dre04370_VEGF_signaling_pathway	100000252 100002225 100002263 100002318 100003514 100006132 100006166 100006675 100148818 100149794 100150090 100331840 100333254 100333967 101910198 103909873 142986 246227 266756 30380 30554 30681 30682 30716 323588 325084 327204 327321 336839 360144 368243 373867 378972 386705 393228 393953 394174 399480 399546 403146 404211 406311 406598 406728 415151 415185 437027 445289 447814 492763 497384 550286 550554 553656 554230 556226 557109 557176 557810 557926 558154 559020 559087 560549 561737 561747 562011 562552 562838 563181 564261 564337 565130 565241 565386 58100 65237 790934 792699 793158 794574 795167 798864
dre04510_Focal_adhesion	100000252 100001836 100002263 100003223 100003514 100003770 100004299 100005469 100006041 100006132 100006166 100006675 100007048 100037387 100048921 100049705 100149028 100149273 100149794 100150664 100151255 100170785 100318854 100329779 100331333 100331874 100332111 100333967 100499533 100535241 100535278 100535718 100536197 100536533 100537244 101885790 101910198 103909601 114433 142986 245701 245702 252849 252850 260303 266749 286830 286831 286832 30037 30121 30222 30234 30265 30429 30592 30654 30682 30716 317747 321070 321107 321212 321243 322221 323320 323561 323588 323695 323818 325034 325084 325675 325686 326719 327204 327301 334597 335269 335916 336471 336839 337084 337158 337767 360144 368415 369191 373103 373107 373108 373872 378478 378480 378972 386705 386787 386856 386966 393543 393953 394012 394038 394101 394174 399480 399546 403000 403026 403045 403049 403065 403146 404211 405864 405898 406308 406311 406411 406493 406548 406598 406659 406714 406728 407685 407980 415151 415240 415242 431769 436718 437027 442922 445091 445234 445380 445393 447930 449679 449707 450006 492576 493609 493781 494453 497384 503730 503893 541320 541374 541475 544667 550286 550487 550505 552980 553355 553656 553699 554230 554268 554269 555805 556226 556286 556413 556443 556734 556752 556842 556874 557109 557176 557468 558154 558635 558685 558958 559145 559529 560194 560400 560549 560564 561635 561670 561737 561901 562011 562496 562529 562720 562838 563023 563053 563429 563556 564005 564246 564261 565130 566796 566845 567110 567640 567771 567874 567895 568309 568885 569510 569698 569755 569971 570218 570288 570643 570772 570868 571431 571753 571837 572187 572348 574422 57934 57935 58037 58100 641575 65236 677750 678512 751630 767790 791212 792699 793158 794088 795167 795752 796490 796537 798657 799608
dre04512_ECM-receptor_interaction	100001836 100005469 100006427 100049705 100149028 100151255 100170785 100318854 100322009 100330801 100331333 100331874 100499533 100535241 100535278 100536533 101884430 101885690 252849 252850 260303 286829 286830 286831 286832 30037 30234 321212 321243 322012 323561 325675 335269 336471 337158 337767 369191 386787 394012 394038 403026 405864 406548 407685 436636 445380 503730 503893 541320 541475 553355 553699 554268 554269 556734 556752 556874 558958 561901 562345 562496 563429 563556 564005 565373 565429 566796 567110 567640 567771 568033 568593 569755 569971 570643 570651 570868 572348 798998
dre04514_Cell_adhesion_molecules_(CAMs)	100001136 100002407 100002610 100004384 100005261 100006534 100038779 100141490 100147871 100151255 100151328 100270764 100322456 100330246 100331333 100332904 100333863 100535350 100537676 101884448 101886267 101886406 103908881 114417 114424 114441 114442 116993 140819 266983 282667 30194 30291 30447 30634 30726 30762 30763 30764 30783 323266 323696 335509 337077 353150 368614 368615 368619 368816 368877 368878 393557 394012 405757 405864 406559 436612 436719 436897 445070 445278 445374 445471 450023 474346 494075 503893 541320 541491 550431 553785 555163 556158 556537 556718 556734 556747 556752 557209 557665 557797 558326 559154 559157 559501 559896 560014 560816 561122 561971 562183 562525 562702 562934 563016 563598 565021 565531 565617 566220 566572 567620 568593 569075 569217 569386 569931 571282 573644 60635 64885 654336 677754 692273 767777 791140 791164 791723 792865 793143 793240 793819 796481 799867 81580 81581 81582 81583 81584 81585 81586 81587 81589 81590 81591 81592
dre04520_Adherens_junction	100001221 100002756 100002928 100006041 100006132 100006166 100009637 100149130 100150664 100535532 100537012 114424 140819 245699 245700 245701 245702 30081 30265 30428 30488 30502 30510 30523 30639 30701 30705 30739 30741 322221 323320 325084 327204 335158 335573 336839 360144 373872 378478 386966 393808 394034 394056 399480 403050 405892 406411 406659 407620 415151 415254 436718 437027 494038 541491 552980 553341 553542 553788 555437 556226 556379 556726 557665 558077 558359 559111 559273 559679 560317 560400 560446 560512 560578 560816 562750 562838 563460 563632 565459 565612 566841 567111 567490 567500 571256 571431 574422 57934 57935 58037 58092 641575 678518 751630 792699 792928 793158 793240 794920 795167 799867
dre04530_Tight_junction	100001136 100001810 100002040 100002802 100003514 100005075 100005261 100006041 100006675 100006888 100008376 100124652 100144561 100147871 100148073 100149794 100150844 100170824 100317924 100329282 100329748 100329813 100330246 100332055 100333863 100333967 100535532 100536317 100537244 100884147 101180909 101885491 101886267 101910198 103909873 117507 246275 252845 259195 30265 30380 30428 30429 30488 30502 30592 30616 30741 321552 322221 323320 323509 323696 325084 326719 327263 327650 333938 334015 334274 334571 334608 336421 336839 337084 368415 368619 368723 373105 378972 386711 393228 393885 393946 393953 403050 403146 405757 405816 406411 406493 406559 406582 406659 406685 407620 407981 415254 436612 436718 436719 436819 436897 445070 445278 445289 445478 445561 447930 449548 449660 450006 450023 474349 494075 497384 550286 550431 550513 550585 553656 554168 555454 555521 555737 556226 556379 556551 557209 557482 558359 558752 558810 559035 559247 559364 559392 559643 559866 560400 560549 561211 561423 561431 561689 562525 563016 563056 563799 564112 565446 565459 566060 567500 567620 569217 569390 570858 573644 57934 57935 58037 58142 60635 641575 677750 724017 751630 751760 768300 777730 792828 793143 793158 794088 795670 80959 81580 81581 81582 81583 81584 81585 81586 81587 81589 81590 81591 81592
dre04540_Gap_junction	100000981 100001532 100002225 100003514 100006675 100006888 100007679 100125912 100148976 100149388 100150246 100150304 100332913 100333538 100333702 100333967 100535718 100537538 100538234 101884360 103909601 103909873 282557 30236 30380 30716 322106 323509 325084 326020 327377 327650 335798 336421 336681 337223 360144 368461 373080 378444 378478 378480 378718 378719 386701 386856 393154 393228 393664 393946 393953 393998 394005 399480 403045 406303 406308 406533 406728 406811 431777 445076 445164 445232 445289 445297 493609 493613 497384 541323 550286 550420 550458 553656 554127 555576 556286 556339 557026 557109 557191 557194 557353 557902 558248 558321 558552 559529 559806 560410 560564 560719 560807 560808 561670 562585 562619 562625 563147 563181 563724 563953 564064 565459 567611 568126 568406 568726 569499 570108 570652 571431 571825 573122 573216 641421 641561 641565 751784 767746 767790 767806 792519 792634 794666 796490 798657 80973
dre04620_Toll-like_receptor_signaling_pathway	100000252 100002225 100002263 100002318 100002946 100003859 100004358 100006132 100006166 100126803 100149273 100149794 100270764 100534776 100885851 101910198 103908881 266756 30681 30768 323099 323588 327204 335916 336876 360134 360144 368481 378972 393132 393287 393650 394174 394198 399480 403052 403084 403125 403126 403127 403128 403131 403132 403136 403137 403138 403139 403145 403146 403147 403148 404211 405770 405785 405811 406311 406463 406598 406728 415099 415185 437024 445119 445373 445410 494163 541530 550475 553788 554561 557176 557302 557810 560549 560913 561737 562317 562552 562720 562838 563181 563560 563727 564261 564403 564854 567460 568951 569226 569698 570238 58022 619391 65236 65237 65239 692289 777653 792699 798892
dre04621_NOD-like_receptor_signaling_pathway	100002318 100002946 100003859 100149273 100330810 100885851 266756 30573 30591 30681 323099 360144 373107 373874 386590 393287 399480 403084 405770 405785 406463 415099 415185 492489 494163 541530 553788 554561 557302 557810 561595 562552 562720 563560 564497 565155 566547 566782 566811 569698 571331 57923 57933 58022 641582 65236 65237 777696 796425
dre04622_RIG-I-like_receptor_signaling_pathway	100002318 100002946 100003859 100004358 100005446 100126803 100148871 100149273 100334486 101243556 105665596 266756 30116 30681 323099 360134 393144 393287 393650 393721 405785 406377 406463 415099 415185 437024 445119 445373 445410 449731 494180 541530 553788 554561 555459 556823 557302 557335 557526 557810 559568 561108 562317 562552 562720 562867 563560 564295 564854 565759 566947 567460 569698 570965 58022 58130 65236 65237 692289 767660 793926
dre04623_Cytosolic_DNA-sensing_pathway	100000978 100004555 100126803 100885851 101243556 105665596 323099 336518 360134 393201 393257 393287 393538 393650 394162 405770 406463 415099 436749 436817 436826 437024 445170 445412 449786 541530 550263 553705 557043 562329 562867 563560 564854 567460 572258 57923 57933 58119 692289 796803
dre04630_Jak-STAT_signaling_pathway	100000252 100001424 100002263 100002479 100003691 100004224 100004358 100004455 100006778 100007048 100036550 100126803 100134935 100134971 100134973 100134976 100135062 100135755 100136861 100144554 100144562 100149794 100150203 100150233 100151416 100174902 100188894 100189608 100329124 100536675 100885851 101883301 101910198 114401 30222 30280 30298 30307 30646 30716 30767 30768 322950 323588 324254 333979 334010 335573 337413 360134 368326 368438 368481 368519 369197 378972 386967 387528 393141 393314 393426 393438 394174 399646 403013 403146 404211 405790 406308 406311 406596 406598 406712 407639 407651 445073 445373 445381 445410 445474 492497 493609 541493 550286 553656 553957 553961 555717 556286 556326 556728 556903 557109 557176 558703 559273 559639 560549 561613 561670 561737 562062 562982 563674 564149 564261 564348 564496 565612 566841 567111 567241 570404 570457 570772 572469 58054 58122 619391 64265 654826 692307 751109 767678 777653 793920 796604 797527 799475 799608 799612
dre04672_Intestinal_immune_network_for_IgA_production	100004261 100006078 100036550 100038779 100149404 100188894 100270764 100331333 100333914 100885851 101882930 103908881 103911891 103911910 114447 140747 30762 30763 30764 30783 335509 352944 359834 368614 368615 368816 368877 368878 493784 553366 553957 561268 563884 571282 654336 654826 791723 793819 794616 795766 795788 799354
dre04744_Phototransduction	140424 140425 140426 140428 140429 140430 140431 192322 30295 30459 30504 321808 322104 327379 335650 335656 336121 368217 368410 373871 406660 406796 492811 494573 550406 554700 558299 559332 564152 566120 568211 570333 572249 767636 792319 793087 799915
dre04810_Regulation_of_actin_cytoskeleton	100000160 100000252 100001221 100001836 100002225 100002263 100002872 100002928 100003223 100003770 100004299 100004742 100004938 100005049 100005469 100005852 100006041 100006132 100006166 100009637 100149161 100149598 100150701 100151255 100317924 100329779 100330960 100331333 100331581 100331874 100499533 100535718 100536197 100536317 100536533 100536705 100537012 100537244 100537977 100538277 101882585 101885659 101885761 101885790 101886694 103908640 103909601 103909873 114456 142986 266749 286739 30262 30380 30429 30538 30549 30560 30592 30705 30716 317747 321070 321099 321383 321496 322221 323285 323320 323588 325034 325084 325085 325881 326719 326825 327068 327204 327301 334597 335158 335269 335474 336504 336613 336623 336839 337084 337690 352938 352940 359829 359830 360144 368199 368245 373103 373124 378478 378480 386705 386762 386787 386856 393228 393550 393733 394012 394034 394056 394174 394235 394243 399480 399482 399546 402820 403001 403003 403045 403063 403065 404211 404231 405864 405898 406311 406363 406411 406493 406598 406604 406659 406728 406738 407685 407737 407980 415151 415187 415190 415204 431769 436718 436924 437027 445234 445289 445305 445380 445393 447840 447930 449660 449707 449831 450006 492549 492576 492758 493181 494081 494454 494455 494456 497640 497642 503589 503893 541320 541394 541475 550286 550513 552980 553493 553629 553656 553978 555516 556029 556104 556226 556286 556413 556443 556734 556752 556873 556951 557109 557176 557797 558288 558477 558685 559017 559145 559529 560305 560360 560400 560564 561491 561589 561635 561670 561737 561894 562455 562838 563030 563181 563556 564261 564770 565130 565771 566329 566735 566764 566845 567479 567621 567874 568309 568935 569510 570218 570435 570868 571031 571256 571431 571679 571753 571837 572187 572348 57934 57935 58037 58075 58129 641575 677750 678518 692065 692331 724048 735292 751630 767646 767790 777735 792699 792708 793158 793949 794215 794278 794365 794658 795135 795167 795517 796490 798657 798876 799082 799156 799227
dre04910_Insulin_signaling_pathway	100000252 100000750 100001198 100001260 100002225 100002263 100002756 100003223 100003691 100149273 100149794 100170795 100329897 100330617 100331387 100332111 100535524 100537489 100538234 101883751 101910198 103909873 117507 140819 192322 245697 245698 245699 245700 282672 30081 30262 30380 30654 30716 321224 321808 323588 323818 324254 325179 327285 327301 327379 327510 334167 334597 335231 335232 336121 337167 360144 368217 373082 373121 378727 378972 393193 393228 393285 393612 393702 393732 393807 393937 393998 394101 394155 394174 399480 403000 403051 403063 403065 403146 404211 405894 406308 406311 406339 406349 406440 406459 406473 406596 406598 406660 406723 406728 406791 407980 436649 436905 445028 445073 445076 445118 445234 445289 445505 492364 492762 493609 493916 541523 550286 550427 550549 553319 553418 553655 553656 554046 555737 555974 556042 556199 556236 556277 556286 556443 557109 557176 557893 558635 559001 559281 559403 560194 560455 560549 561345 561670 561737 562011 562062 562242 562720 563147 563180 563181 563432 563560 564064 564261 565379 565383 566735 567375 567524 567895 567969 568316 569698 569706 570761 571155 571753 572001 572074 572183 58100 65236 678619 751668 767685 767781 768121 790919 793274 79380 794462 799144 799566 799867
dre04912_GnRH_signaling_pathway	100001532 100001586 100002225 100002318 100006675 100148818 100148976 100149273 100149388 100150844 100270671 100270672 100333538 100333702 100333967 100334486 100537538 100538234 101884360 103909873 170581 192322 245950 266756 30380 30554 30681 30716 321808 325084 325488 327379 334571 335916 336121 336839 337179 353222 360141 360144 368217 373882 378478 393228 393953 393998 399480 402917 402918 402987 403052 403310 405791 406308 406514 406660 406728 415185 436815 445076 445208 445232 445289 445297 493609 493613 497384 541323 550286 550436 553656 556226 556286 556410 556641 557026 557109 557353 557810 557902 558321 559087 559964 560211 560410 560719 560807 560913 561670 562064 562552 562585 562619 562625 562720 563147 563181 563724 563953 564064 565386 565743 566945 567611 567895 568726 568951 569499 569698 570108 570652 570683 571431 571825 572492 65236 65237 65239 791855 793158 793359 794666 797938 798222 798864 799278
dre04914_Progesterone-mediated_oocyte_maturation	100000252 100002263 100002318 100005268 100005885 100006888 100009657 100049158 100148976 100149273 100149794 100307076 100318335 100330483 100333151 100333538 100333702 100538234 101884360 101910198 103909873 114433 192295 245701 245702 266756 280649 30262 30450 30573 30591 30681 30702 30716 322854 323509 323588 327650 336421 337670 338219 360144 368316 378972 393223 393228 393886 393907 393946 393956 393998 394174 399480 403063 403065 403146 404206 404211 406311 406598 406715 406728 415185 445076 445289 445501 494046 550258 550434 557026 557109 557176 557810 557902 558402 560410 560549 560719 560807 561737 562014 562552 562619 562720 563147 563432 563724 564064 564261 565155 566735 568726 568795 569473 569499 569575 569698 570652 571285 571825 57925 58025 65236 65237 767751 768140 777728 79079 795517 798352 80973
dre04916_Melanogenesis	100001532 100002225 100003514 100006675 100006888 100148840 100148976 100149082 100332722 100333145 100333318 100333538 100333702 100333967 100537538 100538234 101884360 103908663 103909873 114833 192322 30080 30105 30122 30123 30128 30144 30171 30207 30256 30265 30283 30308 30363 30364 30366 30369 30370 30380 30412 30442 30510 30523 30654 30701 30716 321808 323509 323630 327379 327650 336121 336421 338317 353151 353221 359837 360144 368217 393228 393533 393760 393801 393946 393953 393998 399480 406660 406728 406853 436815 437022 445076 445208 445232 445289 445297 497384 497629 550286 550436 553179 553181 553656 553700 556087 557026 557109 557353 557384 557447 557902 559273 560032 560194 560410 560719 560807 561831 562064 562619 562625 563147 563181 563427 563724 563953 564064 565612 565677 565714 565921 566841 567111 567746 568191 568726 569420 569499 569863 570108 570652 571825 573207 58023 58032 58072 58073 58074 60632 751644 791169 791563 791595 791855 793359 798222 798574 80972
dre04920_Adipocytokine_signaling_pathway	100000750 100001198 100005446 100006023 100037357 100149042 100149273 100149794 100150233 100170795 100321338 100329897 100334818 101910198 30281 30298 30307 30464 30530 30767 323099 324254 333979 334561 335159 335232 353221 378727 378972 393285 393287 393426 393622 403146 405785 406440 406463 406471 406473 406596 406821 415099 436617 436636 436905 445118 445175 447860 541526 541530 550537 553319 553418 555308 555521 555578 555778 556236 557526 557714 558088 559281 559656 560000 560140 560549 562602 562720 563180 563560 564295 564348 566863 567157 567241 568316 569698 570761 572001 572074 58130 65236 678619 751715 790919 790944 794462
dre04931_Insulin_resistance	100000252 100000750 100001198 100001260 100002263 100003223 100005075 100006675 100009657 100149273 100149794 100150844 100170795 100321338 100329897 100332055 100333318 100334818 100885851 101883751 101910198 140819 245699 245700 30081 30262 30654 30767 321065 322493 323099 323588 324254 324487 327285 327301 333979 334571 334597 335232 337670 337685 338219 338317 368415 373082 378727 378972 393285 393426 393807 393953 394155 394174 403000 403051 403146 404211 405785 405805 406311 406349 406440 406459 406463 406471 406473 406596 406598 406853 407980 415099 436636 436649 436905 445031 445118 493916 494096 541410 548341 550432 553319 553418 553512 553655 553700 554119 555521 555737 555778 555906 556236 557176 557714 558088 559281 560000 560194 560549 561737 562242 562720 563180 563560 564261 565910 566735 567375 567861 567969 568316 568835 568883 569698 569945 570761 571155 571285 571753 572001 572074 573207 65236 652952 678619 768121 777728 790919 791169 793274 794088 794462 798052 799144 799867
dre04933_AGE-RAGE_signaling_pathway_in_diabetic_complications	100000252 100001532 100002263 100002318 100002946 100003859 100004321 100005075 100005469 100006132 100006166 100006675 100007048 100136840 100149273 100149794 100150844 100332055 100333455 100333967 100537538 100885851 101910198 103909873 140621 266756 30222 30298 30307 30380 30498 30639 30681 30682 30739 30767 30768 323561 323588 325675 327204 334571 335916 336471 336839 337158 337179 337489 359834 360144 368329 368481 369194 369195 369197 373867 378972 393228 393386 393953 394174 399480 402862 403049 403146 404211 405770 405785 406311 406598 415099 415185 445289 445474 497384 550286 550423 553355 553656 554268 554269 555443 555737 556226 557176 557810 558154 559111 560317 560446 560549 560578 561737 561747 561971 562552 562569 562720 562838 563884 564261 565669 566604 567257 567969 568288 568315 569040 569698 570772 571865 572469 58032 58054 58081 58092 65236 65237 678512 767645 768121 777730 792699 792928 793158 794575
dre05132_Salmonella_infection	100001221 100002318 100002946 100003859 100005026 100006132 100006166 100009637 100048921 100149273 100329124 100329779 100332402 100333015 100885851 114456 266756 30681 317747 321070 321383 323182 324681 327068 327204 335110 335158 335474 335499 335916 336504 336839 336933 360144 393550 393653 393902 393928 394034 394056 394198 394235 394243 399480 399482 403131 403132 403138 403139 403145 404036 405770 405790 415099 415185 415190 415204 431725 445305 449549 556103 556104 556226 556873 557810 560840 561525 561612 562365 562529 562552 562720 562838 563023 563654 564403 564823 565459 567134 569394 569698 570238 570288 571256 571965 573266 57923 57933 57934 57935 65236 65237 767729 792699 793158 798868
dre05168_Herpes_simplex_infection	100001092 100003223 100004358 100005446 100038779 100126803 100145909 100148503 100149189 100149273 100149925 100149942 100150678 100151347 100329124 100333043 100535532 100536675 100885851 105665596 140621 140633 30140 30280 30298 30307 30428 30488 30491 30502 30590 30762 30763 30764 30768 30783 321046 321564 321872 322404 323099 323679 323700 323865 323883 324153 327301 333979 334055 334474 334597 334619 335396 335509 335916 352927 352935 360134 368481 368614 368615 368771 368816 368877 368878 368882 393287 393426 393557 393565 393650 393716 393933 394198 402972 403013 403035 403084 403125 403126 403128 403145 403147 404615 405770 405785 405790 405835 406204 406264 406288 406463 406471 406557 406596 406691 406715 406775 406816 407713 407980 415099 415158 415254 436873 436883 437024 445119 445373 445410 447818 494039 494133 494163 503703 541530 550401 553347 553758 553788 554167 554561 556379 556399 556710 557302 557363 557526 557665 559273 559564 560127 560745 560816 561006 562317 562720 562867 563560 563708 563887 563926 564106 564295 564403 564853 564854 565074 565206 565338 565501 565612 565759 565774 566604 566841 567111 569698 570238 571282 571753 572211 58022 58098 58107 58113 619391 641491 64885 65236 654336 654826 692289 735295 751719 768248 777653 791187 791704 791723 798119 798191 80973 81597
