xla00010_Glycolysis_-_Gluconeogenesis	100036846 100036941 100037030 100037034 100037142 100037146 100381096 378602 379079 379229 379254 379290 379336 379489 379632 379637 379778 379844 379852 379864 380038 380062 380079 380168 380220 380259 380274 380298 380394 380461 380546 380588 394323 394355 398064 398121 398314 398623 398854 398855 398967 398993 399424 399448 399452 432021 432058 443767 443879 444102 444192 444279 444488 444547 445841 446420 446473 446644 446738 446756 446763 446857 447062 447434 447506 447522 447767 496316 733178 734715
xla00020_Citrate_cycle_(TCA_cycle)	379637 379844 379886 379939 380013 380269 380395 380463 380588 398064 398139 398314 398811 398872 398946 399021 399424 399452 443751 443821 444121 444419 444551 444692 446263 446473 447333 447370 447434 494586 494713 494796 495086 495316 496372 734975
xla00030_Pentose_phosphate_pathway	100037142 100037146 100381096 373659 379254 379336 379489 379575 379632 379711 379864 380079 380220 380347 398623 398848 398860 399237 414499 444192 446420 446756 494647 495027 495503 495991 496174 735164
xla00040_Pentose_and_glucuronate_interconversions	100036971 100137697 379152 398814 398904 443767 444488 444539 446317 446468 446857 494647 496316 734199 734498 734715
xla00051_Fructose_and_mannose_metabolism	100036846 100037142 100037146 100037186 100137687 100381096 379254 379336 379489 379632 380044 380079 380168 380220 394323 398623 398904 432000 432136 444039 444370 444472 446317 446756 447317 447346 447420 447608 495408 495465 734566
xla00052_Galactose_metabolism	100036846 100036941 100037146 100127248 100158367 100190782 378602 379290 379632 379852 379864 380596 394323 398814 398854 398855 398904 432137 444349 446420 446468 446756 447506 734749
xla00053_Ascorbate_and_aldarate_metabolism	373659 379152 379229 443767 446621 446857 447522 447736 495407 496316 734199 734715
xla00061_Fatty_acid_biosynthesis	100174803 379181 379352 380135 496310
xla00062_Fatty_acid_elongation	100037210 379510 379689 379747 379769 380063 380153 380424 380594 398440 414573 432300 444044 444160 444228 444388 446806 447050 447388 494792 495218 733431 734428 734710 734950
xla00071_Fatty_acid_degradation	100174803 379181 379229 379352 379393 379569 379769 379893 380135 380296 380424 380563 380594 398120 398993 403357 414622 414639 432021 432103 443767 444044 444457 444547 445841 446458 446467 446669 446738 446857 447486 447522 495682 496316 733431 734715 734873 735228
xla00072_Synthesis_and_degradation_of_ketone_bodies	100505431 379569 380091 398120 398820 414622 414639 432233 444457 447204 734851
xla00100_Steroid_biosynthesis	100037098 379273 379474 379527 380161 380547 444688 446863 447025 447026 447600 447786 495520 496236 734717 734759 734890 779411
xla00120_Primary_bile_acid_biosynthesis	100126648 100137716 100381171 379470 379482 399023 414480 431878 444492 446987 494715 733346
xla00130_Ubiquinone_and_other_terpenoid-quinone_biosynthesis	100037181 100049751 398893 443690 444473 447783 495029 734563 734620
xla00140_Steroid_hormone_biosynthesis	100036774 100036775 100037189 100049757 100337623 373656 379123 379297 379402 379479 379494 379497 379747 398882 398964 399012 399023 432343 444491 444542 446878 447267 447414 495218 495363 496246 734332 734717 734818
xla00190_Oxidative_phosphorylation	100036781 100036987 100037102 100037163 100049100 100049125 100137668 100137685 100337617 100505438 2642076 2642077 2642078 2642079 2642080 2642081 2642082 2642083 2642084 2642085 2642086 2642087 2642088 379283 379397 379401 379457 379459 379572 379593 379616 379775 379796 379818 379892 379900 379907 379939 379942 379950 379986 380000 380071 380093 380128 380139 380173 380305 380463 380512 397732 398013 398647 398665 398702 398852 398897 398946 399450 403358 414598 414706 414717 414718 414720 414723 431992 432055 432126 443818 443873 443927 443962 444031 444057 444123 444276 444357 444420 444459 444815 446522 446821 446845 447073 447080 447091 447095 447106 447127 447142 447154 447168 447172 447173 447180 447186 447187 447188 447261 447278 447489 447565 494586 494634 494703 495089 495092 495159 495263 495264 495365 495379 495975 496233 496303 496350 496372 733327 734359 734579 734627 734682 734700 734833 734863 734867 734895 734983 734986 735078 735150 735170 779272 779326 779413
xla00220_Arginine_biosynthesis	373620 373705 379198 379947 380109 380235 380488 380593 397788 398556 432308 444294 444533 446741 446858 447450 447599 733340
xla00230_Purine_metabolism	100037030 100037066 100037112 100037175 100049779 100101294 378610 378662 379056 379060 379499 379695 379780 379793 379855 379864 379924 379994 380120 380274 380285 380347 380465 380485 380513 394351 398200 398274 398453 398553 398707 398728 398890 398910 398942 398956 398967 398968 399031 399046 399070 399116 399236 399237 399333 399350 399431 399448 407748 414511 414658 414677 432060 432263 432281 432325 432333 443815 443871 443877 443896 444017 444164 444167 444486 444548 444562 444661 444670 444677 444729 444759 444786 446308 446420 446642 446773 446807 446875 447035 447138 447181 447189 447221 447329 447507 447518 447555 447618 494724 494863 494987 495103 495146 495332 495422 495443 495684 495951 495983 496104 496205 496222 496260 734187 734202 734341 734496 734513 734578 734583 734701 734716 734821 735008 735067 735084 735160 735175 779084 779138 779261
xla00240_Pyrimidine_metabolism	100037112 100037175 100037200 100049779 100125228 379056 379060 379499 379695 379744 379793 379880 379994 380465 380513 398200 398274 398276 398553 398670 398707 398890 398966 398968 399046 399116 399333 399431 407748 414549 414581 414658 432060 432093 432325 432333 443815 443871 443896 444114 444164 444233 444477 444729 444759 446308 446773 446807 447138 447181 447189 447312 447326 447484 447518 447618 494724 494728 494739 494863 494987 495047 495311 495422 495684 495951 496224 496260 496317 734187 734341 734513 734578 734716 734821 735008 735067 779084
xla00250_Alanine,_aspartate_and_glutamate_metabolism	100036784 378551 379780 379947 380175 380235 380285 380488 380593 398137 398556 398751 398956 399028 414702 432308 443835 444294 444533 446858 447329 447450 447599 733340 735084 779367
xla00260_Glycine,_serine_and_threonine_metabolism	100036931 100036942 100037051 379386 379778 379833 380048 380308 380384 380495 380588 398137 398631 398771 398824 414592 414606 432058 444102 444279 444480 446328 446644 446655 446874 446949 447193 447323 447492 447522 447767 494673 494700 495197 495275 735104 735186 779328
xla00270_Cysteine_and_methionine_metabolism	100036776 100036795 100036931 100036942 100127322 100137615 379867 379947 380052 380105 380235 380308 380394 380546 394329 394355 398121 398771 398872 398963 399257 414636 431924 443751 443755 446263 446361 446493 446655 447361 447640 494673 494683 495275 495276 503669 503682 734408 734577 734860 735090 735151
xla00280_Valine,_leucine_and_isoleucine_degradation	100037195 100037216 100127322 100137712 100505431 379229 379569 379604 379769 380091 380296 380424 380563 380588 380594 398120 398751 398820 399028 399045 414622 414639 431794 432233 443767 444044 444457 444490 444497 444743 446467 446857 446903 447204 447486 447522 447616 494683 495134 496316 733431 734347 734576 734678 734715 734956
xla00290_Valine,_leucine_and_isoleucine_biosynthesis	100036931 100036942 100127322 398771 494683
xla00300_Lysine_biosynthesis	398787 447522
xla00310_Lysine_degradation	100037174 100125229 100158384 100189568 379229 379569 380138 380395 380594 398120 398318 398711 398787 398833 399021 414622 414639 431943 431996 432147 443767 443973 444044 444121 444204 444409 444457 446458 446857 447370 447454 447522 495112 495521 495826 496316 733431 734715 735186 779432
xla00330_Arginine_and_proline_metabolism	100036784 100036974 100049123 100337582 373705 379198 379216 379229 379379 379386 379754 379765 379859 379947 380001 380052 380055 380109 380155 380235 380384 397788 398760 398917 414652 431924 432159 432246 443767 444469 446525 446857 446978 447322 447522 447527 495193 495197 496316 734257 734536 734715 735104
xla00340_Histidine_metabolism	100125662 100126640 379229 379483 380001 380306 398917 443767 444493 446479 446857 446978 447062 447522 495197 495426 496316 733178 734418 734612 734714 734715
xla00350_Tyrosine_metabolism	100037181 100037248 100126640 379402 379947 380150 380184 380235 398893 398993 399041 432021 444490 444547 445841 446738 446874 447062 447328 495029 495197 496168 733178
xla00360_Phenylalanine_metabolism	100037181 100126640 379947 380235 398893 399041 446874 447062 495029 495197 733178
xla00380_Tryptophan_metabolism	100036775 100037099 100125664 100126640 100335045 100335046 100337623 379229 379569 380236 380432 380594 387560 398120 398787 398998 399013 399021 414622 414639 443767 444044 444121 444457 444490 446458 446857 447370 447522 495197 495495 495840 496316 733431 734715 734866 734936
xla00400_Phenylalanine,_tyrosine_and_tryptophan_biosynthesis	379947 380235
xla00410_beta-Alanine_metabolism	100037216 378551 379229 380001 398751 398917 399028 431924 432246 443767 444044 446467 446857 446874 446978 447062 447312 447326 447486 447522 495311 496316 733178 733431 734715 734956
xla00430_Taurine_and_hypotaurine_metabolism	100036796 100137716 378551 398963 443755 444291 494774 734898
xla00450_Selenocompound_metabolism	100101304 100126629 379528 379650 379675 379744 380432 398910 399013 444702 446558 447484 447624 494673 734936 735160
xla00472_D-Arginine_and_D-ornithine_metabolism	735104
xla00480_Glutathione_metabolism	100036796 100036918 100036920 100036921 100037104 100037213 100137615 379056 379379 379417 379711 379859 379895 380013 380105 380448 380465 380534 394329 398321 398848 398969 399431 414652 414684 431924 431979 432086 432297 443744 443815 444291 444764 494689 494713 495339 495476 495981 496242 496254 734372 734548 734753 734888 734898 735164
xla00500_Starch_and_sucrose_metabolism	100036846 378602 379152 379290 379600 379852 379862 379864 394323 398814 398854 398855 431912 432134 444192 446356 446420 446468 447502 447506 494832 495215 734199 734698
xla00510_N-Glycan_biosynthesis	100037025 100037043 100037243 100101332 100158418 100190782 379038 379047 379106 379348 379570 380326 394383 397721 398514 398521 399234 414540 414590 431849 431927 432047 443870 443991 444283 444437 444674 446337 446622 446684 446718 447291 494631 495274 496041 733388 734354 734516 734993 779338
xla00511_Other_glycan_degradation	100158367 398801 431951 432087 444511 446611 447024 447570 496249
xla00512_Mucin_type_O-Glycan_biosynthesis	100101309 100126621 100158361 100381149 380501 398911 414465 431894 432105 444326 444557 446703 447314 495031 495681
xla00514_Other_types_of_O-glycan_biosynthesis	100036937 100125229 100127336 100190782 100337596 100337597 100462908 379106 380138 394282 397855 398423 398746 414540 443983 444281 446519 446695 446718 447694 494776 495292 495521 496041 733177 734649
xla00520_Amino_sugar_and_nucleotide_sugar_metabolism	100036846 100037186 100037187 100137687 100190770 378602 379152 379524 379864 379989 380044 380169 380175 380578 380596 394323 398814 398874 398943 414493 414702 432051 432137 444039 444170 444192 444349 444370 444472 446420 446468 446803 447346 447417 447420 447608 495191 495465 495932 734199 734433 734827
xla00524_Butirosin_and_neomycin_biosynthesis	100036846 378602 394323
xla00531_Glycosaminoglycan_degradation	100158367 379953 380470 398285 446866 495239
xla00532_Glycosaminoglycan_biosynthesis_-_chondroitin_sulfate_-_dermatan_sulfate	380581 398597 444363 495369 496355 734260 734885
xla00533_Glycosaminoglycan_biosynthesis_-_keratan_sulfate	100126621 100158328 100190782 100462908 379106 394383 398746 414465 414540 414647 444093 444431 444709 446718 496041 779338
xla00534_Glycosaminoglycan_biosynthesis_-_heparan_sulfate_-_heparin	380140 398597 398750 398971 399095 399115 414536 432242 443855 443929 444363 447542 495369
xla00561_Glycerolipid_metabolism	100036900 100037242 379163 379229 379474 380148 380332 380391 380547 398800 398816 398904 398975 432108 443578 443763 443767 444206 444361 444488 446857 447025 447215 447316 447319 447404 447483 447513 447522 447524 447764 495520 496214 496316 734687 734715 734749 735031 735106 779242 779383
xla00562_Inositol_phosphate_metabolism	100036841 100137651 100158362 100505440 100653493 379227 379701 379828 379965 380168 380327 397692 397905 398359 398360 398687 398838 399051 399142 399203 399394 414458 414725 443837 444238 444446 444552 446618 446621 446671 446720 446885 447532 447535 447736 494749 494865 496028 734460 734645 734951 734956 735225
xla00563_Glycosylphosphatidylinositol(GPI)-anchor_biosynthesis	100036967 398912 444055 444225 447254 447534 447552 494631 494735 495274 495323 496083 734564
xla00564_Glycerophospholipid_metabolism	100037242 100158421 100190774 100191021 379065 379246 379259 379805 379962 380120 380148 380231 380561 398816 398831 398980 399227 414725 432108 443578 443763 443837 443906 444206 444212 444361 444438 444456 444573 444649 446240 446329 446472 446638 446689 447061 447090 447155 447215 447297 447316 447319 447404 447483 447501 447513 447773 495497 734348 734415 734631 735106 735213 779154 779242 779375 779383
xla00565_Ether_lipid_metabolism	100191021 379732 379805 380218 380561 398831 398851 399199 443763 443906 444010 444206 446240 446329 446408 446652 446689 447090 447215 447319 495446 495957 734631 735106 735240
xla00590_Arachidonic_acid_metabolism	100037245 379297 379417 379702 380300 380561 397884 398969 432086 432332 432343 443744 443787 443906 444291 444542 444723 446534 446689 446781 447017 447032 447090 494689 495166 495339 496039 496242 496254 734804 734898 779365
xla00591_Linoleic_acid_metabolism	100037189 379297 380561 398964 432343 443906 444542 446689 447090 495363
xla00592_alpha-Linolenic_acid_metabolism	380296 380561 399058 403357 443906 446688 446689 447090 735228
xla00600_Sphingolipid_metabolism	100036888 100037007 100158367 379135 380539 399185 399204 414566 414665 432022 443763 444162 444190 444206 444511 444656 446670 446989 447215 447252 447319 447327 447570 495009 495272 495437 495444 495501 734723 734749 734997 735106 779231 779435
xla00601_Glycosphingolipid_biosynthesis_-_lacto_and_neolacto_series	100190782 100337596 100337597 100462908 379106 398668 398735 398745 398746 399049 414540 414647 432275 444709 446540 446718 447391 494704 495825 496041 496364 734264 734512
xla00603_Glycosphingolipid_biosynthesis_-_globo_series	100126621 100337597 398668 398735 414465 443592 443753 734749
xla00604_Glycosphingolipid_biosynthesis_-_ganglio_series	100126621 100158367 379299 398735 414465 414595
xla00620_Pyruvate_metabolism	100037030 379229 379569 379637 379844 380274 380394 380546 380588 394355 398064 398120 398121 398314 398584 398631 398811 398872 398967 399424 399448 399452 414606 414622 414639 443751 443767 443879 444457 444535 446263 446359 446473 446548 446857 447401 447434 447522 495390 496316 734715 734940 779396
xla00630_Glyoxylate_and_dicarboxylate_metabolism	100125664 379569 379833 379886 380048 380236 380269 380588 380593 398120 398137 398139 398510 398556 398631 398872 399045 414606 414622 414639 414666 432308 443751 444294 444457 444538 444692 446263 447193 447492 447599 495193 495840 734347 734678 779328
xla00640_Propanoate_metabolism	100037216 100137712 379569 380394 380546 380588 394355 398120 398121 398751 399028 399045 414622 414639 443879 444044 444457 446467 447333 447486 447616 494796 496330 733431 734347 734678 734956 734975
xla00650_Butanoate_metabolism	100505431 378551 379569 380091 380563 380594 398120 398751 398820 399028 414622 414639 432233 444044 444457 444799 447204 733431 734851
xla00670_One_carbon_pool_by_folate	100101294 100125228 379483 379784 380048 380266 432317 444321 446641 447193 495375 734296 735175 779328
xla00740_Riboflavin_metabolism	379356 432268 443881 447276
xla00750_Vitamin_B6_metabolism	444490 444757 494700 779316
xla00760_Nicotinate_and_nicotinamide_metabolism	100036901 100036953 100873156 101027297 379499 379555 379705 398502 398553 431870 443750 444490 444729 446628 447528 494724 495198 734513 734906 735059
xla00770_Pantothenate_and_CoA_biosynthesis	100127322 444166 444569 444812 446433 447312 447326 494683 495311 496003
xla00785_Lipoic_acid_metabolism	443960 447165
xla00790_Folate_biosynthesis	100036885 100127270 380273 380589 444589 444630 495375 734473 734869
xla00830_Retinol_metabolism	100036770 100036775 100037189 100337623 379297 379961 380437 394296 397728 398094 398882 398964 398993 399015 399389 431995 432021 432343 432347 443823 444148 444269 444490 444542 444547 444623 444771 445841 446738 446860 447549 447768 494781 494824 495363 496144 496314 735026
xla00860_Porphyrin_and_chlorophyll_metabolism	100137674 100158438 380272 398014 398824 398965 414506 443881 444101 444410 444422 444480 444744 446722 447038 447178 447323 495094 734761 734828 734976 779326
xla00900_Terpenoid_backbone_biosynthesis	100049104 100137632 100505431 379162 379569 380091 397717 397750 398120 398626 414582 414622 414639 444457 444550 447204 447605 447784 494671 734816 735190
xla00910_Nitrogen_metabolism	100037010 100158373 379058 379478 379772 380593 398556 414619 432308 443976 444294 446816 446858 447599 733340
xla00920_Sulfur_metabolism	100036776 379091 379770 380565 398910 414458 443888 444530 446361 447000 495276 734244 735046 735160
xla00970_Aminoacyl-tRNA_biosynthesis	100101304 100158287 100158432 100158438 379241 379528 379670 379675 379742 380028 380179 380225 380271 380325 380438 380479 380545 380585 398889 403361 414492 443863 443916 443989 444702 446482 446558 446783 447019 447217 447636 495303 734988 tRNA-Ala tRNA-Arg tRNA-Asn tRNA-Asp tRNA-Cys tRNA-Gln tRNA-Glu tRNA-Gly tRNA-His tRNA-Ile tRNA-Leu-1 tRNA-Leu-2 tRNA-Lys tRNA-Met tRNA-Phe tRNA-Pro tRNA-Ser-1 tRNA-Ser-2 tRNA-Thr tRNA-Trp tRNA-Tyr tRNA-Val
xla00980_Metabolism_of_xenobiotics_by_cytochrome_P450	100036775 100036918 100036921 100037104 100037213 100337623 379417 379494 379497 379895 380534 398321 398969 398993 399012 414684 431979 432021 432100 432297 443787 444539 444547 444764 445841 446738 447062 495981 496039 733178 734548 734753 734804 734840
xla00982_Drug_metabolism_-_cytochrome_P450	100036918 100036921 100037104 100037213 379417 379895 380534 398321 398813 398930 398969 398993 414684 431979 432021 432297 444490 444547 444764 445841 446738 447062 447211 495197 495981 733178 734548 734753
xla00983_Drug_metabolism_-_other_enzymes	380485 398276 398453 398966 399236 444114 447312 447326 447769 494728 494739 495311 496224 496317 735008 779138
xla01040_Biosynthesis_of_unsaturated_fatty_acids	100037114 100137716 379747 380153 380296 399058 403357 414573 444044 444160 444388 446674 446688 446806 447050 447388 447633 494792 495218 734710 734950 735228
xla01100_Metabolic_pathways	100036770 100036774 100036775 100036776 100036784 100036795 100036796 100036846 100036885 100036900 100036901 100036931 100036941 100036942 100036953 100036967 100036971 100036974 100036987 100037007 100037025 100037030 100037034 100037043 100037051 100037066 100037098 100037099 100037102 100037112 100037142 100037146 100037163 100037175 100037181 100037186 100037187 100037189 100037195 100037200 100037210 100037216 100037242 100037243 100037245 100037248 100049100 100049104 100049123 100049125 100101294 100101309 100125228 100125662 100126621 100126629 100126640 100127248 100127270 100127322 100137615 100137651 100137668 100137685 100137687 100137697 100137712 100137716 100158361 100158362 100158367 100158418 100158438 100174803 100190770 100190774 100190782 100191021 100316923 100335045 100335046 100337582 100337596 100337597 100337617 100337623 100381096 100381149 100381171 100462908 100505431 100505438 100653493 100873156 101027297 2642076 2642077 2642078 2642079 2642080 2642081 2642082 2642083 2642084 2642085 2642086 2642087 2642088 373620 373656 373659 373705 378551 378602 379038 379047 379056 379065 379079 379106 379135 379152 379163 379181 379198 379216 379227 379229 379254 379273 379290 379297 379299 379336 379348 379352 379356 379379 379386 379397 379401 379402 379417 379457 379474 379482 379483 379489 379494 379497 379499 379527 379555 379569 379570 379572 379575 379593 379600 379604 379616 379632 379637 379650 379670 379689 379695 379701 379702 379705 379711 379732 379747 379754 379765 379769 379775 379778 379780 379784 379793 379796 379805 379818 379828 379833 379844 379852 379855 379859 379862 379864 379867 379880 379886 379892 379900 379907 379924 379939 379942 379947 379950 379953 379965 379986 379994 380000 380001 380013 380038 380044 380048 380052 380055 380062 380071 380079 380091 380093 380105 380109 380128 380135 380139 380140 380148 380150 380155 380161 380168 380173 380175 380184 380220 380231 380235 380259 380266 380269 380273 380274 380285 380296 380298 380300 380305 380308 380326 380327 380332 380341 380347 380384 380394 380395 380424 380432 380437 380461 380463 380465 380470 380485 380488 380501 380513 380539 380546 380547 380561 380563 380578 380585 380588 380589 380593 380594 380596 387560 394296 394323 394329 394351 394355 394383 397692 397721 397728 397732 397750 397788 397851 397884 397905 398013 398014 398064 398094 398112 398120 398121 398137 398139 398200 398274 398276 398285 398314 398359 398360 398453 398502 398510 398514 398521 398553 398556 398597 398623 398631 398641 398647 398665 398668 398670 398687 398702 398707 398728 398735 398745 398746 398750 398751 398760 398771 398787 398800 398811 398814 398816 398824 398831 398833 398838 398848 398851 398852 398854 398855 398860 398872 398874 398882 398890 398893 398897 398904 398910 398911 398912 398917 398942 398943 398946 398956 398963 398964 398966 398967 398968 398969 398975 398993 398998 399012 399015 399021 399023 399028 399031 399045 399046 399049 399115 399116 399185 399199 399203 399204 399234 399236 399237 399257 399333 399389 399424 399431 399434 399448 399452 403357 403358 407748 414458 414465 414480 414493 414499 414506 414540 414549 414566 414573 414581 414582 414590 414595 414598 414606 414622 414636 414639 414647 414652 414658 414665 414666 414702 414706 414717 414718 414720 414723 414725 431794 431849 431870 431878 431894 431924 431927 431995 432021 432022 432039 432047 432051 432055 432058 432060 432093 432105 432108 432126 432134 432137 432159 432233 432242 432268 432275 432308 432317 432332 432333 432343 432347 443578 443690 443750 443751 443755 443763 443767 443787 443815 443818 443821 443837 443855 443870 443871 443873 443877 443879 443888 443896 443906 443927 443929 443960 443962 443991 444010 444017 444031 444039 444044 444055 444057 444102 444114 444121 444123 444162 444166 444167 444170 444190 444192 444206 444225 444228 444233 444238 444269 444276 444279 444283 444291 444294 444326 444349 444357 444361 444363 444370 444409 444410 444419 444420 444422 444437 444446 444457 444469 444472 444477 444480 444488 444490 444492 444493 444497 444530 444533 444538 444542 444547 444548 444551 444552 444557 444569 444630 444649 444674 444677 444688 444692 444709 444723 444729 444744 444757 444759 444771 444786 444799 444815 445841 446240 446263 446308 446317 446328 446329 446337 446356 446361 446408 446420 446433 446458 446467 446468 446472 446473 446479 446493 446522 446525 446534 446540 446618 446622 446628 446638 446641 446642 446644 446655 446669 446670 446671 446684 446689 446718 446720 446722 446738 446741 446756 446763 446773 446781 446803 446807 446821 446845 446857 446858 446860 446866 446874 446875 446885 446903 446949 446978 446987 446989 447000 447017 447025 447026 447032 447035 447062 447073 447080 447090 447091 447095 447106 447138 447142 447154 447155 447165 447168 447172 447173 447178 447181 447186 447187 447188 447189 447193 447204 447215 447247 447254 447261 447267 447276 447278 447291 447312 447314 447316 447317 447319 447322 447323 447326 447327 447328 447329 447333 447346 447361 447370 447391 447404 447417 447420 447434 447450 447483 447486 447489 447492 447502 447506 447507 447513 447518 447522 447524 447527 447528 447532 447534 447535 447542 447552 447565 447570 447599 447600 447608 447616 447618 447624 447640 447764 447767 447768 447773 447783 447786 494586 494631 494634 494647 494671 494673 494683 494700 494703 494704 494713 494715 494724 494728 494735 494739 494749 494774 494781 494796 494832 494863 494865 494987 495009 495027 495029 495031 495047 495086 495089 495092 495094 495096 495134 495137 495159 495166 495193 495197 495198 495215 495218 495239 495263 495264 495274 495275 495276 495311 495316 495323 495363 495365 495369 495375 495379 495390 495407 495437 495444 495446 495465 495476 495495 495501 495503 495520 495681 495684 495825 495951 495957 495975 495991 496003 496039 496041 496083 496168 496205 496224 496233 496236 496260 496303 496310 496314 496316 496317 496350 496364 496372 503669 503682 733178 733340 733388 733431 734199 734202 734257 734264 734296 734341 734347 734348 734354 734359 734408 734418 734460 734473 734498 734512 734513 734516 734536 734563 734564 734576 734577 734578 734583 734620 734627 734631 734645 734678 734682 734687 734698 734700 734714 734715 734716 734717 734723 734744 734761 734804 734816 734818 734821 734828 734851 734860 734863 734866 734867 734869 734890 734895 734898 734906 734936 734951 734956 734975 734986 734993 734997 735008 735026 735059 735067 735078 735084 735090 735104 735106 735150 735151 735160 735164 735170 735175 735186 735190 735225 735228 779084 779138 779154 779231 779242 779272 779316 779326 779328 779338 779365 779375 779383 779413 779435
xla01200_Carbon_metabolism	100036846 100036931 100036942 100037030 100037034 100037051 100037142 100037146 100037216 100125664 100381096 373659 378602 379079 379254 379336 379489 379569 379575 379632 379711 379778 379784 379833 379886 379939 379947 380013 380038 380048 380062 380079 380168 380220 380235 380236 380259 380269 380274 380298 380347 380395 380461 380463 380563 380588 394323 398064 398120 398137 398139 398314 398510 398584 398623 398771 398811 398848 398860 398872 398946 398967 399021 399045 399237 399448 399452 414499 414622 414639 432058 443751 443821 443879 444044 444121 444192 444419 444457 444533 444538 444551 444692 445841 446263 446328 446467 446473 446644 446756 446763 446858 447149 447193 447333 447370 447434 447486 447584 447767 494586 494647 494700 494713 494796 495027 495390 495503 495840 496372 733340 733431 734347 734678 734956 734975 735164 779328
xla01210_2-Oxocarboxylic_acid_metabolism	100127322 379886 379947 380013 380235 380269 398139 398787 443821 444419 444533 444551 444692 446741 494683 494713
xla01212_Fatty_acid_metabolism	100037114 100037210 100174803 379181 379352 379393 379569 379689 379747 379769 379893 380135 380153 380296 380424 380563 380594 398120 399058 403357 414622 414639 444044 444160 444228 444388 444457 446467 446669 446674 446688 446806 447050 447388 447486 447633 494792 495218 495682 496310 733431 734710 734950 735228
xla01230_Biosynthesis_of_amino_acids	100036931 100036942 100037030 100037034 100037051 100037142 100037146 100127322 373620 379079 379198 379254 379336 379489 379575 379632 379778 379867 379886 379947 380013 380038 380048 380062 380079 380109 380168 380235 380259 380269 380274 380298 380308 380347 380461 380488 380593 397788 398139 398556 398623 398771 398787 398811 398860 398967 399237 399448 414499 432058 432159 432308 443821 444294 444419 444469 444533 444551 444692 446328 446644 446655 446741 446756 446763 447193 447450 447522 447599 447767 494647 494673 494683 494700 494713 495027 733340 734577
xla02010_ABC_transporters	100036892 100329838 397812 398887 432040 443560 497268
xla03008_Ribosome_biogenesis_in_eukaryotes	100037126 100049102 100049738 100049749 100101322 100126644 100189578 12S_rRNA 16S_rRNA 379136 379269 379279 379385 379395 379677 379734 379860 379874 380205 380340 380416 398253 398529 398701 398731 399087 399319 399320 414481 414572 414656 414695 431889 432029 432035 432130 432180 443590 444049 444280 444526 446399 446463 446636 446875 447360 447458 447691 447717 494740 495048 495253 495988 496093 496097 733148 733319 733359 734583 734637 735001 735130
xla03010_Ribosome	100037062 100037080 100037086 100049095 100101273 100126614 100126616 100158393 100380997 100505437 12S_rRNA 16S_rRNA 379064 379094 379124 379128 379413 379414 379418 379419 379427 379490 379562 379592 379814 379816 379822 379826 379863 379881 379897 379927 379959 380017 380033 380043 380115 380157 380237 380281 380286 380313 380337 380358 380368 380386 380420 380422 380459 380462 380489 380520 380526 380527 380537 380576 380597 394416 397774 397904 398651 398652 398678 399029 399419 414368 414672 414688 414719 431998 432038 432190 432307 443704 443740 443800 443882 443901 443912 444186 444236 444327 444350 444362 444364 444406 444494 444801 444819 444841 445824 446306 446309 446315 446318 446456 446516 446564 446678 446737 446739 446759 447081 447109 447121 447129 447133 447134 447139 447145 447146 447177 447374 447398 447593 494722 494992 495364 495406 495474 495996 496258 496259 548611 733351 734491 734509 734515 734664 734668 734672 734676 734756 734846 734855 735074 735117 735172 779107 779230 779385 779414 779430
xla03013_RNA_transport	100036877 100036923 100037138 100049109 100101322 100137718 100189566 100189578 100191027 100380998 373706 379149 379289 379353 379411 379446 379449 379595 379633 379677 379777 379795 379831 379837 379874 379896 379922 379960 380003 380114 380134 380223 380257 380279 380283 380343 380444 380450 380494 380529 380550 386604 394270 394335 397890 398038 398050 398145 398221 398299 398374 398421 398438 398503 398505 398567 398799 399078 399087 399167 399255 399362 399447 403364 407754 414476 414485 414553 431844 432024 432035 432140 432239 432295 443632 443739 443777 443897 443898 443936 444021 444119 444280 444284 444289 444500 444526 444644 444845 445881 446311 446314 446333 446908 447260 447264 447360 447458 447488 447519 447538 447638 447691 447706 447717 447749 494588 494688 494720 494740 494754 495230 495515 496043 496301 496405 503559 503671 503675 733162 733168 733359 734254 734259 734321 734326 734364 734371 734605 734641 734650 734669 734721 734907 734914 734979 735034 735075 735191 779181 779195 779197 779293 779334 779386 780741
xla03015_mRNA_surveillance_pathway	100137719 100189566 100335148 100380998 379305 379378 379411 379595 379677 379827 379871 379896 379914 380045 380100 380171 380411 380598 394270 394301 394335 394339 394394 397764 397767 398173 398218 398221 398516 398563 398567 398609 398610 398611 398847 399024 399166 399167 399260 399271 399328 399343 399362 399383 399462 403372 431824 431913 432035 432140 443777 443852 443898 443936 444278 444284 444289 444644 444766 444808 444830 445881 446335 446580 446667 446795 447462 447706 447785 494657 494688 494754 494780 495008 495076 495111 495230 495353 503559 733387 734321 734364 734721 734979 735072 735191 779188 779278
xla03018_RNA_degradation	100037034 100037146 100049097 100049102 100049754 100134834 100137619 100190773 100505426 379067 379078 379079 379239 379314 379341 379632 379811 379858 379896 380038 380298 380304 380519 394334 394400 394409 397913 398221 398757 399080 399217 399353 414534 414677 414679 431865 432104 432140 432229 443730 443777 443865 444032 444284 444430 444450 444484 444555 446406 446486 446601 446736 446756 446801 446814 446827 447076 447135 447141 495005 495050 495065 495318 495942 496046 496081 496384 606489 734370 734504 734751 734871 735063 735185 735232 779198
xla03020_RNA_polymerase	100037112 379695 379994 398274 398890 398968 399046 432060 432325 432333 443871 443896 444759 446308 447138 447189 494863 495684 496260 734341 734578 734716 735067
xla03022_Basal_transcription_factors	100036804 100037039 100037075 379969 380053 380147 380201 387333 387523 394356 394390 394417 397724 398320 398325 398333 398704 398705 399086 399209 399461 399465 432181 443712 443754 443780 444142 446466 446524 446879 447500 494643 494830 503680 734281 734303 734328 734892 779427 779429
xla03030_DNA_replication	100036853 100037159 373601 378492 379699 379793 379850 380282 380369 380414 380451 380513 380587 394303 394311 394328 397821 397843 397852 397915 397937 397978 398071 398200 398425 398706 398707 399116 407748 414644 431883 443655 443819 443952 446650 446807 447518 495401 496343 734386 734626 735129 779084
xla03040_Spliceosome	100036801 100037033 100037064 100037234 100049097 100101277 100134834 100158290 100158376 100380998 100381103 379092 379183 379223 379230 379319 379334 379343 379390 379411 379595 379631 379655 379740 379760 379781 379832 379840 379853 379908 379945 379973 380152 380255 380261 380287 380381 380404 380416 380435 380469 380586 380595 397751 397772 397773 397793 397946 398343 398448 398494 398505 398596 399167 399324 399336 399362 399374 399382 399426 399428 414457 414571 414679 414727 431993 432041 432267 432312 443589 443636 443641 443747 443807 443886 443898 443926 443936 443937 443996 444135 444315 444408 444468 444501 444555 444609 444644 446584 446629 447003 447076 447141 447198 447338 447356 447476 447521 447706 447724 495019 495253 495254 495301 495318 495359 495399 495824 496306 496329 734255 734325 734335 734364 734465 734887 734926 734970 734979 735122 735187 779288 779307 779415
xla03050_Proteasome	378667 379370 379551 379676 379720 379935 379941 380127 380154 380240 380382 380423 380584 394357 397716 397968 398371 398853 399109 399245 399279 399327 399421 399439 414588 414608 414721 414726 431796 431915 431923 443908 443966 444210 444215 444285 444384 444643 446265 446620 447126 447359 447547 447560 494646 494719 495127 495148 495277 496005 734707 734745 734876 734947 735073 779382
xla03060_Protein_export	100049747 100101323 100329133 379448 379756 379848 379936 380256 380540 394424 397850 432311 443902 444393 446595 446660 446676 447023 495049 495416 495969 496044 734819 779186
xla03320_PPAR_signaling_pathway	100037114 100126643 100174803 378690 379086 379181 379276 379352 379393 379421 379482 379637 379844 379893 380135 380296 380332 380559 394278 397768 397769 398075 398143 398843 399058 399424 403357 414480 444376 444414 444529 444678 446467 446640 446669 446688 446987 447486 447591 447633 494638 494715 495287 495682 496060 496325 735228 779355
xla03410_Base_excision_repair	379793 380403 380530 394303 394311 394328 397928 397973 397978 398054 398275 398425 398707 399116 399139 399413 407748 432324 443838 446370 446614 446884 447518 496154 779084
xla03420_Nucleotide_excision_repair	100036853 379793 379819 379969 380053 380190 380369 394328 394356 397790 397937 397963 397978 398425 398507 398706 398707 399026 399116 399461 407748 431883 432181 443754 443819 443952 446411 446650 447518 495401 496353 734481 734626 735163 735211 779084
xla03430_Mismatch_repair	100036779 100036853 100037159 379793 380369 394328 397915 397937 397978 398425 398706 398707 399140 431883 443819 443952 444223 446650 447518 495401 734294 734626
xla03440_Homologous_recombination	100036853 100037159 100137639 100137700 373628 379577 379793 380251 394308 397726 397915 397937 398564 398707 403373 432195 443819 444125 444788 446650 447126 447518 495064 495401 734642
xla03450_Non-homologous_end-joining	373602 378525 394303 394308 394311 394389 394397 398357 443786 495064
xla03460_Fanconi_anemia_pathway	100036779 100036853 100125673 100137639 100286772 100316923 100327240 100329211 373628 379073 379797 380190 380251 397726 397813 397937 398197 398258 398564 398579 398837 399391 414454 431958 431964 443563 443819 444125 446262 446387 446411 446650 446710 446909 447465 495401 496036 496388 734195 734196 734197 779287
xla04010_MAPK_signaling_pathway	100036803 100036910 100036935 100037033 100037194 100037253 100048914 100101276 100101279 100113430 100137625 100137626 100158413 100158454 100158455 100190767 100192357 100329215 100337576 100337577 100337578 100505423 100505429 101027271 101027301 373569 373606 373669 373672 373674 373777 373801 378533 378546 378562 378587 378644 378663 379050 379052 379055 379165 379224 379250 379266 379285 379319 379399 379557 379638 379760 379783 379851 379876 379883 379991 379992 380058 380245 380262 380364 380388 380507 380561 380570 387327 394277 394353 394391 397698 397701 397720 397765 397771 397778 397782 397785 397857 397924 397926 397962 398004 398025 398046 398126 398181 398254 398295 398297 398307 398343 398592 398615 398782 398804 398829 398925 398951 398973 398985 399068 399090 399105 399170 399183 399196 399215 399295 399298 399315 399325 399347 399376 399379 399400 399406 399444 399446 399458 399459 399470 414290 414479 414522 414526 414569 414694 431974 432084 432106 432133 432172 432200 432210 443729 443768 443932 444007 444087 444095 444184 444191 444310 444346 444468 444537 444556 444605 444635 444638 444686 444752 444777 444804 445821 446279 446334 446401 446502 446599 446778 447008 447031 447105 447107 447196 447201 447229 447259 447268 447419 447632 447732 493575 494669 495060 495118 495963 504192 595043 734157 734165 734336 734382 734697 734929 735069 735153 779127 779173 779225 779370 780738
xla04012_ErbB_signaling_pathway	100190767 100505423 373595 373647 373672 378493 379050 379052 379783 379876 379991 380430 380508 394276 394391 397771 397785 397789 397857 398126 398224 398359 398360 398782 398861 398892 398951 398973 398985 399056 399090 399097 399160 399170 399198 399202 399284 399286 399308 399315 399400 399406 399446 399458 399470 403362 414569 414637 431829 432072 432172 443854 443964 444095 446786 447031 447268 447419 447594 492305 492306 496037 724070 724075 734248 779200
xla04020_Calcium_signaling_pathway	100036901 100036912 100036983 100049776 100101276 100126631 100126647 100127346 100137627 100873156 101027262 373631 373632 373705 373780 373837 378523 378526 378527 378563 378610 378624 378630 379085 379095 379327 379394 379410 379952 380096 380187 380245 380342 380376 380388 380507 380508 380535 380558 394414 394425 397692 397789 397953 398206 398286 398359 398360 398699 398763 398915 399059 399096 399104 399160 399215 399254 399259 399261 399284 399337 403390 432106 432212 443731 443782 444218 444804 446229 446366 446502 446855 446859 447031 447196 494865 495046 495175 495332 495437 495440 496328 606721 724070 724075 734449 734537 734922 735225 779103 779419
xla04060_Cytokine-cytokine_receptor_interaction	100036815 100036961 100037058 100101283 100127268 100137625 100137626 100158352 100174791 100192357 100192360 100316914 100505445 101243547 101243548 373551 373579 373589 373606 373618 373772 373789 373801 373812 379546 379625 379817 380208 380245 380252 380373 380560 397711 397712 397765 397778 397859 397981 398129 398134 398153 398309 398310 399030 399035 399083 399103 399277 399283 399295 399454 432338 444169 444627 444716 446295 446320 446770 446849 447644 493575 494705 495087 495479 495517 496322 734211 734226 734331
xla04068_FoxO_signaling_pathway	100036963 100037211 100125664 100126654 100127310 100158365 100192357 100286797 100301976 100316914 100329215 100337558 100505423 100505440 101027271 373667 373672 373732 373801 378633 378695 378696 378699 379048 379122 379161 379224 379264 379285 379290 379315 379637 379783 379844 379852 379876 379888 379937 379991 379992 380122 380124 380236 380316 380372 380401 380481 397742 397743 397771 397778 397785 397857 398006 398022 398148 398162 398163 398295 398592 398716 398770 398786 398854 398855 398888 398892 398925 398958 398973 398985 399056 399100 399121 399130 399142 399170 399172 399196 399202 399216 399295 399299 399314 399381 399388 399406 399424 399442 399446 399458 399470 403356 414477 414522 431934 432023 432036 432121 432172 432200 443964 443979 443998 444033 444095 444203 444397 444499 444529 444556 444607 444618 444659 444991 444992 446719 446786 447268 447506 447594 492305 492306 494669 494762 495290 495412 495689 495836 495840 594872 734810 734814 734882 734901 735153 779100 779167 779240 779404 780764
xla04070_Phosphatidylinositol_signaling_system	100036841 100137651 100158362 100505440 100653493 379701 379828 379965 380327 380558 397692 397905 398359 398360 398687 398838 399051 399142 399202 399203 399254 399259 399394 414458 414725 443837 443957 443964 444238 444446 444552 444642 446671 446720 446786 446885 447031 447404 447532 447535 447594 494749 494834 494865 495012 496028 606721 734343 734460 734645 734951 735225
xla04080_Neuroactive_ligand-receptor_interaction	100036912 100049776 100126610 100127246 100127346 100127347 100137627 100294513 100294514 100294516 100294517 100294518 100462763 100628313 101027265 101027269 101027280 101243551 373580 373591 373615 373618 373631 373632 373759 373765 373812 373823 373838 373843 373848 378523 378526 378527 378563 378584 378605 378608 378623 378624 378625 378693 379226 379288 379327 379394 379403 379460 379537 379554 379898 379917 380035 380342 380344 386669 386670 397897 397942 397953 398153 398206 398286 398699 398763 398915 399154 399306 399337 403391 407843 432256 443652 443970 444218 444296 444403 444443 444659 444847 446320 446352 446384 446813 446859 447255 447460 447774 495135 495152 495175 495959 496315 496339 734177 734192 734226 779054 779407 780755
xla04110_Cell_cycle	100036852 100037155 100158337 100158454 100158455 100337563 101027271 373601 373602 373667 373801 378633 378923 379048 379052 379083 379084 379130 379161 379224 379285 379406 379580 379608 379626 379699 379724 379785 379809 379850 379888 379937 380064 380068 380182 380219 380246 380282 380351 380397 380414 380433 380451 380457 380481 380538 380587 394307 394319 394328 394356 394365 394380 397737 397742 397743 397778 397821 397840 397841 397843 397852 397868 397885 397923 397926 397933 398017 398044 398049 398063 398071 398081 398082 398099 398119 398141 398148 398156 398159 398162 398163 398179 398191 398197 398219 398234 398396 398425 398599 398888 399092 399097 399106 399129 399163 399196 399252 399276 399314 399315 399355 399442 399461 403356 403388 403393 407839 414530 414724 431930 432005 432023 432036 443994 444499 444832 446541 446574 446719 446747 446982 446991 447406 447494 447726 492305 492306 494744 495133 495419 495689 496247 496334 503676 595046 734319 734414 734494 734526 734633 734734 734775 734882 734901 735068 779167 779240 779325 779404 780764
xla04114_Oocyte_meiosis	100037155 100101275 100101276 100137650 100137719 100337563 100505450 373633 378610 378695 378696 378699 379130 379580 379608 379626 379724 379785 379809 379827 379914 379991 380045 380064 380068 380100 380182 380219 380246 380388 380397 380433 380457 380481 380507 380508 380538 380558 380598 394339 394362 394380 397737 397742 397743 397767 397785 397789 397840 397841 397924 397925 398012 398022 398044 398104 398119 398152 398156 398162 398163 398234 398237 398349 398563 398592 398888 398985 399092 399160 399166 399215 399254 399259 399276 399284 399289 399314 399343 399376 399456 414530 414724 432005 432036 432106 443729 443852 443994 444804 444832 445821 446335 446502 446574 446982 447196 447462 447726 495076 495419 495970 496247 595046 606721 733440 734319 734414 734470 734526 734532 735145 779325
xla04115_p53_signaling_pathway	100036910 100505440 101027271 373559 373560 373637 373667 378699 379048 379056 379161 379224 379285 379404 379406 379508 379559 379785 379888 379937 380219 380246 380383 380465 397720 397742 397743 397840 397841 397926 398148 398162 398163 398179 398191 398197 398466 398888 399142 399196 399314 414641 431934 432036 432226 443815 443864 443888 443904 443988 444244 444261 444383 444499 444530 444607 444660 444699 447452 492305 495297 495419 496013 496334 724076 734417 734854 734882 779404 779433
xla04120_Ubiquitin_mediated_proteolysis	100036859 100037029 100037155 100049091 100101299 100126611 100137653 100158284 100158303 100294520 100463496 373715 379075 379130 379271 379298 379580 379726 379729 379820 379877 379982 380068 380106 380226 380288 380351 380385 380450 380467 380493 380500 380524 380538 380586 394362 398044 398131 398370 398372 398387 398703 398788 398940 398990 399026 399235 399391 399396 403382 403383 403384 414451 414478 414491 414530 414533 431829 431869 432031 432085 443558 443745 443854 443864 443921 443994 444030 444103 444104 444105 444462 444499 444507 444775 444777 446231 446340 446360 446487 446546 446568 446573 446574 446800 446982 447726 494590 494592 494663 494742 494805 494996 495381 495424 495687 496013 496247 496302 496326 496353 595046 733235 734197 734230 734319 734414 734526 734599 734782 734901 734929 735163 779114 779325 780737
xla04122_Sulfur_relay_system	100036776 100381163 444630 446361 495276 734369 779274
xla04130_SNARE_interactions_in_vesicular_transport	373557 379358 379723 379768 380410 380599 394286 394287 398034 399246 399250 399436 414618 432096 432225 432227 444563 444751 446471 446481 446551 446602 446698 446706 494752 495063 495255 495950 496218 734740 734883 734915 735148 735200 735229 735239
xla04140_Regulation_of_autophagy	100049143 100126654 378695 378696 399172 414477 443756 443885 443979 444037 444178 446253 446671 447241 494717 494762 495080 495290 734568 734814
xla04141_Protein_processing_in_endoplasmic_reticulum	100036945 100037025 100037033 100037060 100037069 100037143 100049091 100049149 100049739 100101299 100158335 100158355 100158418 100271914 100329133 373637 378668 379102 379209 379319 379348 379368 379505 379611 379743 379756 379760 379788 379791 379848 379876 379879 379936 379997 380008 380018 380057 380119 380134 380136 380177 380215 380317 380444 380458 380491 380499 380500 380538 387598 394295 394391 394424 397721 397796 397850 397945 398230 398288 398343 398507 398514 398521 398615 398629 398737 398753 398772 398777 398804 399034 399075 399123 399231 399234 399248 403384 414657 431869 431974 431990 432145 432348 443813 443827 443902 443907 444024 444063 444075 444085 444260 444283 444366 444375 444468 444485 444602 444614 444697 444736 444772 444834 446313 446331 446337 446340 446360 446459 446460 446478 446527 446660 446676 446754 446997 447013 447014 447205 447208 447223 447291 447425 447508 447693 494996 495169 495261 495381 495416 495424 495428 495829 496056 733299 734165 734414 734416 734481 734526 734644 734911 734993 735099 779300
xla04142_Lysosome	100036849 100037210 100127265 100158274 100158281 100158286 100158325 100158341 100158367 100337617 373572 373573 379257 379512 379601 379689 379798 379829 379892 379953 379986 380102 380203 380212 380516 380564 398013 398555 398557 398647 398897 398898 398927 398994 399079 399243 414505 414558 431937 431991 432187 432322 443592 443609 443721 443724 443753 443829 444026 444062 444090 444113 444201 444228 444287 444356 444511 444713 446283 446498 446505 446506 446523 446550 446701 446866 446877 447024 447203 447252 447313 447327 447436 447489 447565 447570 447742 494699 494800 494810 494858 495077 495089 495185 495239 495422 496032 496052 496207 496244 496249 734359 734389 734415 734499 734749 734759 734760 734870 779153 779405
xla04144_Endocytosis	100036831 100036869 100036872 100037026 100037033 100037214 100037233 100101298 100126623 100158302 100191021 100192358 100192359 100192360 100381129 100462906 100653493 373551 373579 373625 373644 373647 373733 373772 373789 373801 373808 378526 378633 379055 379160 379201 379237 379319 379326 379412 379416 379503 379507 379536 379546 379561 379665 379669 379746 379749 379760 379801 379808 379824 379838 379845 379866 380019 380108 380121 380133 380165 380166 380176 380227 380243 380245 380303 380373 380399 380406 380430 380442 380478 380484 380497 397701 397757 397778 397922 398022 398046 398095 398106 398131 398165 398181 398309 398343 398372 398391 398392 398546 398568 398628 398687 398789 398828 398835 398876 398880 398898 398913 398915 398916 398962 399003 399006 399007 399203 399287 399295 399300 399325 399337 399347 399396 399406 399442 407841 414468 414484 414519 414576 414613 414667 431829 431872 431880 431898 431959 431962 431967 432023 432059 432091 432109 432150 432171 432218 432221 432228 432320 443832 443854 443857 443925 444001 444007 444140 444173 444213 444218 444238 444264 444265 444270 444287 444307 444343 444443 444468 444489 444499 444510 444543 444594 444689 444750 444777 444796 446307 446401 446405 446489 446512 446523 446526 446529 446537 446571 446714 446727 446761 446815 446831 446841 446881 446981 447049 447078 447220 447248 447274 447324 447337 447546 447557 447576 447589 447598 447732 447745 474158 494587 494639 494642 494702 494705 494733 494775 495040 495045 495085 495125 495333 495507 496163 496311 496320 503678 724070 734233 734308 734314 734352 734356 734384 734389 734569 734769 734772 734929 735052 735126 779217 779370 779384 779405 779406 779436
xla04145_Phagosome	100036902 100037088 100037141 100126623 100137685 100329133 100329838 100337595 100337617 101027262 373705 373808 379076 379102 379202 379210 379220 379358 379359 379457 379507 379508 379561 379566 379662 379708 379748 379788 379796 379847 379848 379892 379936 379986 380018 380029 380128 380227 380258 380305 380339 380406 380418 380458 380482 380516 380564 380599 394366 394386 394424 397699 397755 397931 397943 397997 398013 398084 398202 398459 398628 398647 398852 398880 398897 398927 398982 399001 399007 399250 399313 399379 399443 403358 414468 414723 431853 431994 443560 443873 444172 444353 444487 446423 446505 446671 446821 446841 446845 446853 446877 446922 446985 447203 447313 447489 447565 447742 493577 495063 495089 495092 495177 495209 495264 495319 495464 496021 496207 733414 734359 734382 734627 734731 734740 734918 735078 735208 779204 779264 779272 779368
xla04146_Peroxisome	100125664 100137716 100174803 100381171 379278 379352 379716 379895 380013 380135 380236 380296 394274 398137 398510 399216 403357 414480 432040 432233 432262 432288 443792 443867 443911 443922 444006 444067 444203 444492 444538 444573 444770 444771 446332 446346 446355 446408 446477 446657 446674 447032 447298 494713 494715 495171 495198 495472 495840 495980 496023 733180 734753 734816 734873 735081 735104 735186 735228
xla04150_mTOR_signaling_pathway	100036782 100037058 100137625 100505440 373589 378695 378696 378699 379481 379783 379863 380141 380186 380281 394276 397785 398895 398903 398973 398985 399100 399142 399170 399172 399202 399255 399299 399376 431814 432172 432200 432219 443729 443816 443964 444529 445821 446786 447031 447268 447594 495002 495075 495258 495290 734259 734568 734605 734669
xla04260_Cardiac_muscle_contraction	100036781 100036935 100037102 100037107 100037163 100137668 100189579 100335131 100505438 2642080 2642081 2642084 2642088 373777 373844 378546 379345 379401 379410 379445 379469 379593 379628 379752 379920 379942 380054 380071 380093 380132 397733 397803 397916 397917 398518 398583 398752 398952 399104 399285 414706 414717 432126 432141 432231 432314 443818 444031 444420 444605 444626 444815 446522 447073 447091 447131 447173 447180 447187 447278 494826 734682 734700 734983 734986 735041 735150 779129 779413
xla04261_Adrenergic_signaling_in_cardiomyocytes	100036935 100037107 100037168 100101276 100137719 100189579 100271914 100329215 100335131 373746 373777 373844 378523 378533 378546 378610 379236 379305 379345 379410 379445 379469 379628 379752 379764 379783 379827 379914 379920 379992 380034 380045 380054 380100 380132 380388 380508 380558 380598 394301 394339 394414 394425 397692 397733 397767 397785 397789 397803 397916 397917 398417 398518 398563 398583 398592 398609 398610 398611 398661 398752 398763 398804 398830 398847 398915 398952 398985 399059 399104 399160 399166 399170 399202 399259 399261 399284 399285 399328 399337 399343 399463 432141 432172 432231 432314 443852 443964 444218 444403 444605 444626 446335 446502 446786 446855 447031 447131 447462 447594 494669 494801 494826 495076 606721 733186 734165 735041 735076 735153 779129 779438
xla04270_Vascular_smooth_muscle_contraction	100036912 100101276 100301953 100653508 101027279 373712 378523 378610 379326 379416 379898 379914 379991 380133 380342 380388 380535 380558 380561 380598 394289 394414 394425 397692 397767 397785 397857 398710 398763 398892 398973 398985 399056 399059 399070 399254 399259 399261 399350 404226 404227 414678 431847 432281 443852 443906 444221 446502 446689 446851 447031 447090 447268 447704 447728 495175 496349 606721 779103
xla04310_Wnt_signaling_pathway	100049784 100101276 100301953 100337575 373578 373592 373667 373690 373701 373722 373817 373834 378494 378566 378632 378676 378679 378689 378787 379050 379052 379161 379326 379399 379416 379624 379842 379876 379906 379937 380133 380238 380355 380388 380441 380507 380508 380538 387604 387605 394281 394302 394362 394401 397692 397706 397768 397789 397828 397863 397926 397966 397970 398060 398097 398147 398238 398264 398271 398295 398297 398608 398658 398717 398765 399097 399098 399114 399141 399158 399160 399164 399190 399192 399205 399215 399258 399274 399284 399301 399315 399319 399320 399356 399364 399375 399379 399381 399400 399441 399455 399459 403356 414522 432106 432180 443864 444184 444338 444346 444412 444527 444804 446455 446502 446915 447031 447196 447302 494659 494997 495007 495689 734298 734382 734414 734526 734882 779167 779369 780764
xla04320_Dorso-ventral_axis_formation	100174809 100505423 100505450 373672 379991 394325 394367 394371 397771 397785 397877 397957 398973 398985 399289 399458 399470 444095 446378 447268 734470
xla04330_Notch_signaling_pathway	100036937 100127334 373701 379073 379083 379151 379238 379387 394224 394282 394367 397713 397813 397855 397868 398147 398151 398258 398477 398579 399110 399252 399258 399301 399453 407842 444527 494701 494997 495689 495936 595044 733430 734970
xla04340_Hedgehog_signaling_pathway	100036840 100101276 100190780 100191013 100271914 373667 373711 378538 378540 379161 379624 379868 379937 380097 380238 380361 380388 394362 397836 397837 398046 398047 398107 398131 398215 398216 398372 399097 399381 399401 431882 443556 443784 444007 444103 444442 444447 446401 446487 446502 447732 734338 734414 734526 734882 779391
xla04350_TGF-beta_signaling_pathway	100137625 100337509 100505435 373586 373646 373697 373733 373801 373820 373829 378543 378633 378661 379052 379222 379326 379416 379447 379508 379625 379659 379664 379827 380045 380100 380112 380133 380396 380538 380560 394276 394289 394331 394339 394401 397711 397712 397778 397785 397859 397873 397874 397981 398033 398045 398068 398111 398131 398193 398294 398322 398372 398563 398985 399083 399103 399144 399277 399280 399282 399283 399295 399315 399322 399343 399369 399442 399454 399457 403356 431930 431939 432023 444234 446295 446541 447302 447406 447461 447463 447470 447482 494744 495087 495689 503510 734414 734440 734526 779167 779240 780764
xla04370_VEGF_signaling_pathway	100037058 100329215 100505423 373560 373589 373647 373672 379055 379783 379991 379992 380430 380507 380561 397771 397785 397826 397857 398359 398360 398592 398985 399170 399202 399215 399286 399379 399406 399446 399470 432072 432084 432106 432172 443964 444184 444804 446781 446786 447031 447105 447107 447196 447594 494669 495118 495437 734382 735153 779225 779337
xla04510_Focal_adhesion	100036859 100036902 100036966 100037058 100037088 100049724 100158313 100158352 100190767 100191022 100192353 100271914 100301953 100337595 100505440 373551 373589 373609 373647 373667 373789 378493 378699 379050 379055 379161 379326 379416 379508 379546 379646 379783 379812 379866 379876 379883 379914 379937 379991 380007 380129 380133 380245 380339 380419 380430 380441 380472 380515 380598 394289 394366 397699 397738 397739 397744 397755 397765 397767 397785 397826 397839 397857 397943 397997 398022 398126 398224 398391 398392 398459 398756 398782 398951 398973 398985 399006 399075 399090 399097 399142 399170 399198 399202 399251 399274 399286 399379 399400 399406 399422 399443 399458 414290 414569 414634 431885 432072 432169 432172 443832 443852 443914 443964 444095 444184 444199 444414 444529 445877 446326 446423 446508 446568 446631 446640 446752 446786 446826 446851 446865 446876 446985 447031 447131 447268 447419 447594 447704 493575 494988 495051 724075 733235 734275 734331 734362 734382 734573 734882 734918 734930 779127 779337 780738
xla04512_ECM-receptor_interaction	100191022 100192353 379508 380129 380339 380419 380447 380515 394366 397699 397738 397739 397744 397755 397839 397943 397997 398500 399443 443701 445877 446423 446508 446631 446839 446985 447392 493576 494988 495051 734218 734219 734275 734362
xla04514_Cell_adhesion_molecules_(CAMs)	100036969 100037127 100037196 100126623 100337618 100505446 100653505 373742 373808 378518 378553 378666 379070 379132 379346 379396 379561 379662 379708 379912 380160 394283 394290 397710 397755 397761 397762 397839 397997 398133 398160 398209 398409 398628 398928 398929 399001 399443 431839 443731 443913 444425 444474 444624 446591 447224 447240 447379 447468 447491 494684 495177 495209 495464 496231 496387 594865 733316 733414 734218 734219 734619 734640 735231
xla04520_Adherens_junction	100036872 100036902 100037088 100037140 100037214 100190776 100337575 100337595 100337618 100380954 100505446 373551 373609 373647 378633 379055 379326 379399 379416 379440 379615 379629 379812 380133 380430 380441 394281 394290 397782 397785 397863 398006 398022 398160 398235 398238 398295 398459 398490 398589 398658 398985 399164 399274 399295 399303 399319 399320 399379 399422 399442 399444 399459 403356 414522 431833 431885 431898 431921 432023 432169 432180 444184 444443 444514 444710 444717 446326 446752 446865 447468 495689 496308 594865 724075 734382 734918 734930 734998 779167 780764
xla04530_Tight_junction	100036902 100037088 100158399 100158429 100158453 100337595 100505423 100505440 101027301 373647 373672 379055 379132 379236 379249 379305 379326 379346 379378 379396 379406 379416 379629 379783 379827 380007 380034 380045 380100 380133 380430 380441 380472 394301 394339 397741 397771 398083 398133 398149 398165 398209 398409 398459 398563 398928 398929 398970 399111 399142 399170 399251 399266 399274 399287 399303 399319 399320 399328 399339 399343 399406 399422 399446 399463 399470 404226 404227 431839 431885 431949 432141 432169 432172 432180 432231 443569 443932 444140 444191 444221 444298 444443 444474 444710 444749 446326 446591 446752 446851 446865 446996 447031 447131 447224 447491 447703 447704 494684 496231 496308 496334 734194 734464 734640 734918 734930 735235 779438
xla04540_Gap_junction	100037141 100101276 100505423 373591 373647 373664 373672 378584 378610 379076 379202 379210 379220 379236 379359 379403 379566 379748 379785 379991 380034 380245 380246 380258 380361 380388 380418 380430 380482 380535 394414 394425 397692 397765 397771 397785 397857 397931 398699 398985 399059 399254 399261 399313 399337 399406 399446 399458 399463 399470 414694 431994 432281 444025 444095 446502 446599 446922 447031 493575 493577 495319 496021 779103 779368 779438
xla04620_Toll-like_receptor_signaling_pathway	100036815 100127265 100137625 100329215 373559 373606 379050 379275 379399 379638 379783 379876 379991 379992 394321 394353 394391 397785 398025 398324 398592 398985 399170 399202 399379 399400 399459 432172 432200 443846 443964 444556 444777 446351 446390 446786 446833 447201 447594 447632 494669 494760 495313 495517 496403 734234 734297 734382 734800 734896 734929 735069 735153
xla04621_NOD-like_receptor_signaling_pathway	100036815 100036859 100137625 100329215 373559 373606 378669 379270 379399 379876 379992 394353 397719 397785 398025 398592 398753 398985 399459 432200 432309 444024 444556 444777 444817 446459 446568 446833 446998 447609 447632 494669 734297 734929 735069 735153
xla04622_RIG-I-like_receptor_signaling_pathway	100036815 100101308 100126654 100137625 100329215 373559 379275 379399 379876 379975 379992 380010 394353 397820 397935 398592 398762 399385 399459 431974 432200 443756 444171 444342 444556 444777 446351 446627 446833 447632 494669 494714 496403 503670 733315 734234 734297 734896 734929 735069 735153
xla04623_Cytosolic_DNA-sensing_pathway	373606 378669 379275 379994 394353 397719 397992 398968 399046 432200 432325 432333 443871 443896 444556 444817 446308 446351 446833 447189 447632 494863 495684 734234 734297 734578 734716 734896 735067 735069
xla04630_Jak-STAT_signaling_pathway	100049773 100101283 100158303 100174791 100192362 100271914 100294520 100380954 100505445 373618 373667 373715 373812 379052 379161 379264 379783 379937 380121 380252 380467 397857 398153 398251 398324 398703 399154 399170 399202 399291 399315 399406 399458 414533 414637 431888 432031 432059 432172 443637 443921 443964 444089 444095 444193 444490 444507 446320 446567 446697 446745 446770 446786 446849 446852 447594 447644 492305 494663 495398 495479 495516 495517 495683 495689 734211 734226 734276 734882 779100
xla04672_Intestinal_immune_network_for_IgA_production	100036969 100192360 101027262 379662 380373 397778 397839 399001 399030 443731 495177 495209 495464 733414 734224
xla04744_Phototransduction	100192358 100192359 380209 380558 398109 399259 399262 399330 444645 444670 444698 444823 444825 444827 447358 447765 495443 606721
xla04810_Regulation_of_actin_cytoskeleton	100036831 100036841 100036872 100036902 100037088 100037214 100101279 100191022 100301953 100337595 100505423 100653493 373569 373647 373669 373672 378493 378526 378562 378587 378695 378696 379055 379172 379258 379282 379326 379416 379646 379708 379746 379845 379914 379991 380007 380108 380133 380245 380430 380472 380475 380598 394289 394360 394366 397696 397699 397701 397744 397755 397765 397767 397771 397782 397785 397826 397839 397857 397895 397917 397924 397997 398126 398181 398224 398298 398459 398588 398589 398618 398635 398687 398710 398756 398782 398892 398941 398951 398973 398985 399042 399056 399090 399105 399183 399202 399203 399251 399286 399325 399347 399379 399394 399406 399422 399438 399443 399444 399446 399455 399470 414569 414634 431885 431898 432072 432109 432169 443652 443852 443897 443932 443964 444086 444184 444191 444238 444264 444424 444518 444594 444635 444686 444717 446221 446326 446334 446352 446423 446537 446752 446786 446826 446851 446865 447131 447216 447268 447274 447419 447594 447704 447745 493575 494639 494653 494995 495051 496028 496349 595043 734382 734697 734918 734930 735107 735176 779337 779370 779406
xla04910_Insulin_signaling_pathway	100036803 100036846 100101276 100127310 100158303 100158346 100174796 100190767 100294520 100381096 100505423 373672 373780 378602 378695 378696 379290 379637 379783 379844 379852 379862 379863 379876 379914 379990 379991 380124 380186 380220 380281 380372 380388 380467 380558 380598 387327 394276 394323 397767 397771 397785 397857 398006 398160 398430 398431 398854 398855 398892 398951 398958 398973 398985 399056 399068 399097 399170 399172 399198 399202 399255 399259 399287 399299 399388 399406 399424 399446 399458 399470 414533 414569 414594 414616 431829 431912 432134 432155 432172 432200 443852 443854 443921 443964 443998 444033 444095 444199 444329 444397 444514 444529 444805 444991 446502 446643 446786 447268 447419 447506 447594 494832 495002 495290 495836 496104 496328 606721 734259 734276 734374 734605 734669 735066
xla04912_GnRH_signaling_pathway	100101276 100190767 100191021 100329215 100505423 373647 373672 373765 373823 373843 378610 379050 379055 379638 379876 379991 379992 380388 380389 380430 380508 380535 380558 380561 394391 394414 394425 397692 397771 397785 397789 397857 398592 398804 398985 399059 399160 399254 399259 399261 399284 399400 399406 399446 399458 399470 404226 404227 407753 407843 432256 444095 446502 446599 447031 494669 606721 734165 734336 735153 779103
xla04914_Progesterone-mediated_oocyte_maturation	100037155 100101276 100158454 100158455 100329215 100337563 100505423 100505450 373633 373672 378610 378695 378696 378699 379048 379236 379580 379626 379783 379785 379876 379888 379991 379992 380034 380068 380246 380351 380388 380433 380481 394307 394380 397737 397742 397743 397771 397785 397857 397885 397924 397933 398012 398022 398119 398141 398152 398162 398163 398234 398349 398592 398888 398892 398973 398985 399056 399170 399202 399289 399314 399376 399463 399470 414530 414724 432036 432172 443729 443964 443994 444024 445821 446459 446502 446574 446786 446982 447268 447494 447594 447726 494669 496104 496247 595046 734319 734470 734734 734775 735153 779325 779404 779438
xla04916_Melanogenesis	100036806 100037168 100049784 100101276 100158354 100337575 100337579 100505423 373578 373579 373672 373690 373772 373794 373802 373817 373834 378566 378610 378676 378679 378689 378787 379236 379394 379764 379817 379842 379991 380034 380184 380388 380441 380508 380532 380558 387604 387605 394281 394414 394423 394425 397692 397706 397771 397785 397789 397857 397863 397896 397970 398037 398238 398658 398985 399059 399097 399098 399141 399160 399164 399190 399192 399259 399261 399274 399284 399301 399364 399406 399441 399446 399463 399470 444527 446502 446915 447031 495007 495689 606721 735076 779438
xla04920_Adipocytokine_signaling_pathway	100036813 100127310 100137625 100137626 100158303 100174803 373802 379181 379264 379290 379352 379393 379637 379783 379844 379852 379876 380124 380135 380372 380413 380467 380532 394278 394353 397763 398075 398401 398843 398854 398855 398958 399100 399170 399172 399291 399299 399388 399424 414533 431974 432172 432200 443637 443998 444033 444193 444397 444556 444678 446833 447159 447395 447506 447632 494763 495290 495682 495836 496325 734226 734297 734488 734652 735069 779100
xla04931_Insulin_resistance	100036813 100037168 100127310 100137625 100137626 100158303 100505440 378695 378696 379264 379290 379393 379637 379764 379783 379844 379852 379862 379876 379914 380124 380175 380372 380467 380598 394276 394353 397767 398006 398160 398843 398854 398855 398958 399097 399142 399170 399172 399202 399291 399299 399376 399388 399424 404226 404227 414533 414616 414702 431799 431912 432042 432134 432172 432200 443729 443852 443964 443998 444033 444193 444329 444397 444449 444512 444514 444529 444991 445821 446643 446786 446833 447506 447594 447632 447694 494763 494832 495290 495682 495836 734297 734374 734552 735066 735076 779100 779355
xla04933_AGE-RAGE_signaling_pathway_in_diabetic_complications	100036806 100036815 100036910 100037058 100137625 100158352 100158354 100271914 100329215 100505423 373589 373606 373637 373672 373801 378523 378633 379050 379055 379161 379264 379406 379783 379876 379937 379992 380389 380419 380515 394353 397692 397720 397744 397771 397778 397785 398324 398359 398360 398592 398763 398983 398985 399162 399170 399202 399295 399379 399400 399406 399442 399446 399470 403356 404226 404227 414518 414637 432023 432172 443637 443964 444346 444353 444991 446786 447031 447594 447632 492306 494669 495516 495522 496334 734331 734382 735153 735225 779100 779167 779433 780764
xla05132_Salmonella_infection	100036815 100036831 100036872 100036902 100037088 100037214 100101283 100301953 100329215 100337595 373606 378669 379050 379055 379691 379746 379845 379847 379876 379992 380108 380312 380475 394289 394321 394353 397719 397785 398202 398459 398592 398635 398880 398985 399379 399400 431853 431898 432109 444172 444264 444594 444717 444817 446537 446841 447201 447274 447632 447745 494639 494669 495313 734382 734918 734945 735153 779204 779264 779406
xla05168_Herpes_simplex_infection	100036804 100036910 100037060 100037075 100049093 100101283 100126623 100137625 100137626 100158303 100158365 100192357 100329838 100505446 373559 373606 373754 373808 379050 379230 379275 379298 379334 379399 379561 379662 379785 379840 379876 379914 380152 380226 380246 380255 380435 380444 380456 380467 380538 380567 380598 387333 394321 394353 394381 397720 397724 397767 397892 397926 398025 398320 398324 398432 398628 398834 399001 399086 399157 399291 399314 399319 399320 399400 399459 399465 399468 414533 431974 432035 432036 432180 432197 432200 443560 443637 443712 443780 443807 443852 443888 444089 444142 444193 444530 444556 444644 444777 446279 446351 446524 446584 446697 446776 446833 446870 447201 447468 447632 494675 495058 495177 495209 495254 495464 495517 495689 496309 496403 497632 503673 503680 733414 734281 734297 734328 734364 734414 734526 734892 734896 734901 734929 735069 735094 779427
