gga00010_Glycolysis_-_Gluconeogenesis	100857298 100859356 373889 373997 374044 374064 374193 395217 395218 395356 395389 395492 395689 395833 395979 396016 396017 396221 396435 396456 396457 396458 415317 415783 416066 416714 416880 417615 417699 418172 418610 419158 419796 422705 423347 423698 424171 424405 424599 424691 426268 426435 426812 427308 428812 428813 428969 430370 768421 769850 771920
gga00020_Citrate_cycle_(TCA_cycle)	100858903 100859641 100859720 101751023 373916 374009 374263 395373 395758 396457 396458 415362 416066 416087 417517 417699 418610 418857 419793 419796 420969 421281 422932 423357 423618 424112 426429 426573 431056
gga00030_Pentose_phosphate_pathway	374064 395217 395218 395480 395492 415783 415991 418176 418639 419450 421418 422185 422931 423019 424691 426435 427308 427453 428188 430442 769850 770045
gga00040_Pentose_and_glucuronate_interconversions	373900 374066 395338 415332 416880 417615 418169 418171 418909 418953 420432 422660 422792 424028 424599 425137 427823 770045 777348
gga00051_Fructose_and_mannose_metabolism	100533998 100859653 107053156 373889 374044 374064 395217 395218 395338 395492 396435 415332 415906 415924 417989 418169 418171 418247 419040 419850 420292 420890 423698 425137 426629 427308 427679 768421 769292 769765 769850 770049
gga00052_Galactose_metabolism	100857298 100859356 373889 373900 374044 374064 395338 396121 396122 416462 417373 417691 418169 418171 419686 420720 422082 422188 423232 423698 424171 424294 424691 425007 425137 426268 426435 430370 431509 768421 769850
gga00053_Ascorbate_and_aldarate_metabolism	107052518 395480 416880 417615 422660 422792 424028 424405 426812 770996
gga00061_Fatty_acid_biosynthesis	396061 396504 415361 416324 420090 420532 420656 422345 422547 423896 424810 427934 430557
gga00062_Fatty_acid_elongation	395929 415539 419371 419601 419681 420290 420518 420858 421850 423222 424251 424491 424564 426847 427232 428646 428772 428872 431579 769787 770828
gga00071_Fatty_acid_degradation	395929 395979 415361 416324 416657 416880 416969 417366 417615 418968 420090 420290 420878 421587 422345 422547 422705 422869 423118 423896 423947 424005 424405 424649 424810 424877 426812 426847 770094 770828 771098 771920
gga00072_Synthesis_and_degradation_of_ketone_bodies	107049309 396316 396379 418968 421587 421886 422715 424380 424891 424892 427190
gga00100_Steroid_biosynthesis	100857622 100857756 395827 416256 417165 420335 420548 422038 422302 422423 422982 423065 423789 424037 424367 424424 424661
gga00120_Primary_bile_acid_biosynthesis	395785 396550 414834 416068 417505 418107 419303 420164 422058 423450 423788 425055 427429 431683 769879
gga00130_Ubiquinone_and_other_terpenoid-quinone_biosynthesis	404205 408253 415884 416609 416852 416975 421797 422605 423342 769737
gga00140_Steroid_hormone_biosynthesis	100858361 395641 396015 396051 414832 414833 414834 414838 414854 415807 416477 416783 417981 418107 418654 419861 420164 421466 422660 422662 422750 424028 424367 425056 426825 427474 429828 769787 769841 770453 771930 772291
gga00190_Oxidative_phosphorylation	100857596 100858216 100859320 100859641 100859720 101749042 107049545 107050681 107050898 107055895 374122 374159 386581 395472 395473 395474 395497 395758 395821 404751 415674 415752 415826 416013 416336 416391 416495 416543 416571 416753 416978 417112 417249 417329 417753 417907 418104 418118 418162 418477 418508 418541 419039 419108 419743 419793 419866 419992 420060 420210 420236 420243 420259 420337 420976 421392 421939 422115 422539 423179 423280 423415 423763 423830 424032 424078 424102 424142 424349 424575 424978 426199 426415 426488 426673 427009 427854 427897 430210 431564 431629 768660 768854 768860 769146 769424 769492 769735 769770 769954 770135 770190 770638 770724 770937 771478 771510 771939 771947 772135 772150 772260 775974 776719 807635 807636 807637 807638 807639 807640 807641 807642 807643 807644 807645 807646 807647
gga00220_Arginine_biosynthesis	100858836 107056878 395735 395807 396261 396489 396533 415746 417185 417253 417545 423272 423612 424043 427721 428994
gga00230_Purine_metabolism	100857155 100858145 100859339 100859398 100859759 101747367 101749883 101749972 101752207 107049063 107050002 107050843 107054223 107055326 107056801 107057377 374095 378929 395080 395091 395092 395315 395339 395340 395486 395653 395797 395834 395915 395916 396002 396025 396091 396456 396534 396540 415455 415635 415732 415859 416058 416071 416399 416505 416620 416708 416723 416997 417275 417281 417968 417990 418071 418160 418185 418538 418593 418639 419053 419081 419089 419194 419531 419675 420034 420103 420253 420328 420603 420752 420788 420842 420935 421206 421452 421574 421692 421833 421878 421936 421954 422013 422055 422094 422185 422407 422408 422530 422587 422621 422648 422677 422743 422910 423041 423064 423343 423567 423678 423727 423735 423826 423871 424116 424133 424390 424555 424691 424697 424700 424754 424932 424954 425028 425199 425215 426289 426368 426435 426534 426646 426732 426805 426866 426928 426929 427053 427105 427253 427399 427645 427778 428227 428399 428447 428579 428588 428713 428907 429128 430103 430522 768578 769469 769860 769958 770187 770704 770922 771077 771678 772125 776127 777528
gga00232_Caffeine_metabolism	101747367 396025 396283 396537 415809
gga00240_Pyrimidine_metabolism	100858145 100859398 100859759 101749510 101749883 107049063 107050002 107050843 107055326 107057377 374095 395080 395486 395719 395915 395916 415635 415876 416031 416399 416505 416620 416708 416723 416782 416949 416997 417275 417281 417990 418071 418082 418114 418593 418620 419053 419081 419255 419531 419561 419675 420034 420103 420253 420266 420603 420942 421060 421206 421452 421833 421878 421921 421936 421954 422094 422327 422556 422621 422648 422910 423343 423567 423727 423826 423871 424256 424326 424390 424406 424754 424954 426289 426646 426732 426805 426866 427105 427399 427551 427778 428447 428659 428713 429083 429100 430103 769338 769958 770258 770704 770922 771077 771849 771901
gga00250_Alanine,_aspartate_and_glutamate_metabolism	395395 395743 396261 396489 396533 396540 415746 416642 417039 417185 417253 417545 417609 418255 418386 419011 419467 419514 420574 420818 422743 422893 423612 424043 426962 428579 428659 428994 431666 770344 770953 776127
gga00260_Glycine,_serine_and_threonine_metabolism	101747660 101750333 101751055 374222 395504 395566 415803 415993 416370 416371 416520 417030 417146 417540 417699 418172 418544 418545 418561 418563 420015 422034 423635 424381 424716 426806 426812 427263 427577 428969 431666 552895 769542 770344 770737 771635 771808
gga00270_Cysteine_and_methionine_metabolism	107049831 373997 396011 396221 396261 396533 415884 416165 416371 416675 417030 417039 417517 418048 418049 418193 418544 418545 418602 419146 419287 419803 421281 421755 421894 421918 421991 422069 422600 423628 424492 424716 427292 427391 428135 428860 431261 431666 771447
gga00280_Valine,_leucine_and_isoleucine_degradation	107048986 107049309 374210 395374 395375 395929 396316 396379 415385 416642 416811 416880 416969 417039 417615 417699 418193 418774 418968 419739 420290 420632 421587 421886 422049 423011 423345 423947 423979 424071 424072 424380 424405 424877 424962 425758 426812 426847 427190 427269 427395 427561 429115 431666 768706 770094 770828
gga00290_Valine,_leucine_and_isoleucine_biosynthesis	417030 418193 423635
gga00300_Lysine_biosynthesis	426812 428728
gga00310_Lysine_degradation	100857640 100859816 101747682 107049863 395847 395929 414897 415358 416214 416374 416825 416851 416880 417250 417615 417712 417757 418866 418968 419485 420078 420290 420404 420437 421406 421587 422296 422443 422897 423357 423618 424405 424447 424877 424882 425064 425119 425846 426314 426429 426778 426812 426932 428728 770828 771098 771808
gga00330_Arginine_and_proline_metabolism	100359387 100858159 101751055 107050361 373942 374002 374006 395504 395807 396248 396261 396507 396508 396533 416326 416880 417615 418561 418563 418602 419057 419467 420293 421012 421013 421755 421937 422934 423272 423531 423704 423976 424405 425306 426430 426812 427721 428228 769203 770036 770734 770737 771447
gga00340_Histidine_metabolism	100359387 100858159 378924 395389 395726 415454 416035 416880 417609 417615 417917 418561 418563 420947 421012 421013 424298 424405 426812 427256 428812 428813
gga00350_Tyrosine_metabolism	100857237 100858738 107049318 107057091 373971 395389 395549 395592 395775 395913 395979 396261 396533 415482 415884 416538 416783 416852 417039 418330 418561 418563 420015 420947 422705 423374 424071 424072 428812 428813 771761 771920 776120
gga00360_Phenylalanine_metabolism	100857237 107057091 395389 396261 396533 408024 415884 416852 417039 418561 418563 420015 420947 428812 428813
gga00380_Tryptophan_metabolism	100858159 395799 395929 396051 396066 396286 408026 416880 417039 417202 417615 418561 418563 418968 420290 420947 421396 421466 421587 422409 423600 423618 424041 424071 424072 424288 424302 424405 424517 424877 426429 426785 426812 428728 769005 770828 771098
gga00400_Phenylalanine,_tyrosine_and_tryptophan_biosynthesis	396261 396533 408024 415884 417039
gga00410_beta-Alanine_metabolism	100359387 100857134 395389 395395 395743 395929 415812 416642 416880 416949 417615 418602 420015 420266 421012 421013 422934 423345 423979 424405 424877 426812 428812 428813 429083 770828 771447
gga00430_Taurine_and_hypotaurine_metabolism	100857134 107053634 395395 395743 416943 416945 419121 426184 427391 769879
gga00450_Selenocompound_metabolism	416031 416782 417202 418082 422069 422530 422808 423678 424517 424716 424739 425613 426612 428689 771778
gga00460_Cyanoamino_acid_metabolism	100859028 416520 416943 416945 419121 426743
gga00471_D-Glutamine_and_D-glutamate_metabolism	423612 424043
gga00472_D-Arginine_and_D-ornithine_metabolism	101751055
gga00480_Glutathione_metabolism	100857115 100857454 100859645 107050492 374056 395612 395667 395863 395976 396322 396380 414895 414896 416943 416945 418178 418302 418602 419081 419121 419450 420253 420676 421894 421936 421937 423881 424112 424404 424492 424643 425306 426170 427638 428135 431056 769847 770916 771447 771783 772208
gga00500_Starch_and_sucrose_metabolism	100857298 100859028 100859356 373889 373900 374044 378909 414139 414140 415783 416462 417691 418201 418728 418909 419052 421248 422082 422660 422792 423232 423698 424028 424171 424474 424691 425007 426435 426743 426928 426929 427823 427964 430370 768421
gga00510_N-Glycan_biosynthesis	100857165 107049491 107050982 107055667 395078 395343 395415 396121 396122 396169 403122 415585 415611 416017 416285 416393 417196 417199 417296 417733 418013 418265 418342 418692 418880 418898 419177 419349 419588 419699 420998 421726 422339 422448 422738 423178 424286 424484 424952 425542 426734 427801 427873 428097 428255 428444 428925 771539
gga00511_Other_glycan_degradation	100859407 107049056 107050229 415306 415320 417343 419687 420720 421668 422558 422712 422859 427204 429131 430102 430542 770994
gga00512_Mucin_type_O-Glycan_biosynthesis	107054826 395139 396140 396168 416260 416796 417480 419358 420436 420575 420642 420955 420978 421305 421540 422362 422560 422561 423034 423263 424177 424319 424324 427207 427260 427492 429501
gga00514_Other_types_of_O-glycan_biosynthesis	107049863 107050929 373949 395070 395112 395206 395789 395790 396121 396122 396169 403122 408180 416097 417175 417789 418042 418342 418455 422203 423373 424447 424572 426961 427782 427801 428075 428092 428638 429097 771133
gga00520_Amino_sugar_and_nucleotide_sugar_metabolism	100533998 107050161 107056378 373889 373900 374044 395072 408182 415320 415783 415924 416341 416754 417295 417373 417989 418199 418728 419514 419686 419931 420292 420890 421467 421837 421841 422772 422792 423588 423698 424368 424691 426435 426962 427204 427283 427285 427679 429074 430370 431509 768421 769292 769765 770049
gga00524_Butirosin_and_neomycin_biosynthesis	373889 374044 423698 430370 768421
gga00531_Glycosaminoglycan_degradation	100859903 105667218 107055308 373981 415320 415848 415908 417749 417829 420720 422081 422392 422490 423834 426739 427204 427294 427823 771459
gga00532_Glycosaminoglycan_biosynthesis_-_chondroitin_sulfate_-_dermatan_sulfate	107051963 396018 414780 414781 415521 415598 416032 416359 416469 418081 421745 422488 423632 423952 426039 428185 768809 769112 770193
gga00533_Glycosaminoglycan_biosynthesis_-_keratan_sulfate	107049181 395139 396121 396122 396140 418341 418342 421286 423178 424572 424930 427567 428866 429123 770257
gga00534_Glycosaminoglycan_biosynthesis_-_heparan_sulfate_-_heparin	100858205 395140 395141 395150 414780 414781 415566 416274 416359 416581 422022 422686 422840 423738 423822 424465 425859 428025 428185 428621 428769 769421 769490
gga00561_Glycerolipid_metabolism	100858471 101748037 395338 396219 416024 416880 417165 417615 418121 418124 418169 418171 418550 418589 419941 420826 421059 421303 421309 421578 421898 421925 421945 422129 422188 422610 423197 423895 423916 424405 424599 424666 424747 424811 424839 425137 426437 426550 426629 426788 426812 426846 427138 427381 427495 427577 428693 431066 769506 770506 770911 771374 772114 772367
gga00562_Inositol_phosphate_metabolism	100857877 100859723 101751177 101751271 107049248 107049926 107052518 107055367 395356 395694 396435 415805 415951 416048 416730 416743 416767 416996 417015 417135 417472 417706 418181 418182 418498 418690 418938 418992 419175 419444 419609 419822 419999 420072 420199 420416 420504 421032 421132 421656 422136 422312 422387 422388 422454 422731 422807 423014 423070 423345 423421 423675 423973 424114 424214 424745 424826 424971 425030 425224 425291 427243 427687 428180 428279 428692 429983 771549 776273
gga00563_Glycosylphosphatidylinositol(GPI)-anchor_biosynthesis	100858021 100858627 101748924 101748971 417571 417600 417650 418517 418624 419124 419179 420819 420908 423271 424054 424387 424556 424859 427290 428583 429144 770171 771539 771632
gga00564_Glycerophospholipid_metabolism	100857837 100858471 100858782 101748037 101749229 107049523 107049989 107050678 107051573 395314 395650 396136 396394 415716 416425 416508 416960 416980 418028 418098 418124 418196 418293 418356 418550 418594 419517 419685 419941 420664 420826 420974 421059 421152 421303 421311 421375 421548 421578 421898 421925 421945 422087 422093 422129 422610 422611 422997 423112 423197 423226 423227 423229 423496 423705 423895 424263 424321 424666 424747 424839 424915 424986 425396 426550 426690 426747 426748 426788 427138 427381 427774 428374 428559 428661 428743 428870 428871 768530 768578 769506 770292 770321 770506 770911 771552 771560 771574 771655 772114 772367
gga00565_Ether_lipid_metabolism	100857837 100858471 100858782 101749229 107049989 107051573 374033 374224 395816 396394 415716 416425 416980 417006 418028 418098 418356 419765 420361 420974 421152 422551 423226 423227 423229 423496 423705 424135 424666 424986 426747 426748 427138 428661 428870 428871 428949 769963 770292 771552 771560 771574 771655
gga00590_Arachidonic_acid_metabolism	100857115 100857454 100858782 100859133 101749229 107051573 107057143 374110 395863 396394 396451 414833 416425 416943 416945 416980 417193 417214 417918 418028 418101 418356 418512 421999 422528 423226 423227 423229 423705 423769 424643 424676 424677 424678 424729 425997 426170 426747 426748 427638 427752 428870 428871 770292 770619 770665 771552 771560 771574 771655
gga00591_Linoleic_acid_metabolism	100858782 101749229 107051573 396394 414832 414833 416425 416477 416980 418028 418356 423226 423227 423229 423705 424676 424677 424678 424729 426747 426748 428870 428871 770292 771552 771560 771574 771655
gga00592_alpha-Linolenic_acid_metabolism	100858782 101749229 107051573 396394 416425 416980 417366 418028 418356 422869 423122 423226 423227 423229 423705 426747 426748 428870 428871 770094 770292 771552 771560 771574 771655
gga00600_Sphingolipid_metabolism	100858471 100859407 100859441 107049056 107050229 374033 378907 415619 416942 417006 419077 419087 420050 420088 420118 420720 420902 421092 421327 422188 422529 422727 423379 423394 423454 423679 423714 424666 424813 425523 426145 426249 426648 426863 426879 427138 427235 427335 427803 428318 428918 428949 429131 430542 768538 770663 771503
gga00601_Glycosphingolipid_biosynthesis_-_lacto_and_neolacto_series	100858043 395138 395860 396121 396122 417126 418341 418342 419718 421286 424572 424960 427782 427985 428092 428341 428479 429027 769122 771133
gga00603_Glycosphingolipid_biosynthesis_-_globo_series	395139 395860 396140 396547 415320 417163 418220 418223 422188 425011 427204 427985 771133
gga00604_Glycosphingolipid_biosynthesis_-_ganglio_series	107050929 395139 395182 395860 396140 404746 407775 407778 414797 415320 420720 425029 425243 427204
gga00620_Pyruvate_metabolism	373997 374189 374263 396221 396456 396457 396458 396504 415689 416066 416536 416537 416714 416880 417517 417615 417699 418610 418968 419019 419158 419796 420969 421217 421281 421428 421587 423347 423361 424405 426806 426812 430557 431627
gga00630_Glyoxylate_and_dicarboxylate_metabolism	100858903 373916 374009 374222 395566 396489 415385 415803 416520 416559 416728 417253 417517 417699 418311 418774 418968 421281 421587 422049 423600 424567 426806 427577 768706 769005 770036 770344
gga00640_Propanoate_metabolism	373997 374210 395374 395375 395929 396221 396504 415385 415812 416087 416642 416714 417699 417875 418774 418857 418968 419158 421587 422049 422932 423345 423347 423979 424877 430557 768706 769021 770828
gga00650_Butanoate_metabolism	107049309 395395 395743 395929 396316 396379 416642 416811 416969 418968 420290 420818 421587 421886 422715 423573 424380 424877 424891 424892 426991 426992 426999 427190 770828
gga00670_One_carbon_pool_by_folate	395315 395566 395726 396091 415484 415532 416520 418078 419489 421060 421633 422069 423508 426126 427317 770327
gga00730_Thiamine_metabolism	419133 420780 428588
gga00740_Riboflavin_metabolism	100857898 373971 396352 431449
gga00750_Vitamin_B6_metabolism	100857383 418549 424071 424072 424160 427263 771207
gga00760_Nicotinate_and_nicotinamide_metabolism	100858798 101748948 107051294 395080 404301 415448 416505 417707 419403 419675 420034 421833 421954 422827 422828 422983 423871 424071 424072 424820 426928 426929 427196 427257 427438 768471 769958 771393
gga00770_Pantothenate_and_CoA_biosynthesis	100736561 100857134 100859789 416170 416949 418193 418975 420266 421702 422935 423792 426928 426929 427477 429083
gga00780_Biotin_metabolism	418516 420639 420656
gga00785_Lipoic_acid_metabolism	107052471 418697 422791
gga00790_Folate_biosynthesis	100859876 374144 395270 396146 396317 417227 421144 424936 425255 426335 427199 427317
gga00830_Retinol_metabolism	100858293 395264 395346 395452 395700 395844 395979 396051 408183 414832 414833 416477 418653 419480 420183 421130 422403 422660 422705 423274 423806 424028 424071 424072 424169 426247 426549 428809 429086 771920 776432
gga00860_Porphyrin_and_chlorophyll_metabolism	100859013 107051238 374020 396287 396352 416663 417273 417329 418377 419701 420776 421348 422168 422660 423830 424028 424482 424590 426223 427244 427672 427823 552895 771940
gga00900_Terpenoid_backbone_biosynthesis	100857683 101747962 107049309 395145 396379 418968 419373 419572 420459 420490 421587 421733 421777 424380 425061 425359 426297 427092 427299 768555
gga00910_Nitrogen_metabolism	100858989 396257 396489 415370 415791 415833 416927 417253 417647 420208 420209 421139 423612 428187 428994 431476 770004
gga00920_Sulfur_metabolism	100857961 107055404 415445 418048 418049 420624 421132 421347 422530 423678 426450
gga00970_Aminoacyl-tRNA_biosynthesis	100858214 100859604 415389 415532 415668 415885 415957 416057 416132 416168 416347 416976 418131 418312 418757 419026 419666 420702 421346 421348 421436 421781 421823 422480 422808 423086 423458 424296 424408 424659 424812 425613 426697 426856 427427 427672 428403 428482 428689 768802 770407 771778 tRNA-Ala tRNA-Arg tRNA-Asn tRNA-Asp tRNA-Cys tRNA-Gln tRNA-Glu tRNA-Gly tRNA-His tRNA-Ile tRNA-Leu-1 tRNA-Leu-2 tRNA-Lys tRNA-Met tRNA-Phe tRNA-Pro tRNA-Ser-1 tRNA-Ser-2 tRNA-Thr tRNA-Trp tRNA-Tyr tRNA-Val
gga00980_Metabolism_of_xenobiotics_by_cytochrome_P450	100859645 107050492 395389 395612 395863 395976 395979 396051 396322 396380 414895 414896 418178 418302 418512 419471 419861 421321 421447 421466 422660 422705 423881 424028 424404 428812 428813 769847 770916 771920 771930 777348
gga00982_Drug_metabolism_-_cytochrome_P450	100857724 100859645 107050492 395267 395389 395612 395863 395976 395979 396322 396380 414895 414896 418178 418302 418561 418563 422660 422705 423881 424028 424071 424072 424404 428812 428813 769847 770587 770916 771920
gga00983_Drug_metabolism_-_other_enzymes	101749510 395653 395719 396025 396283 396537 415786 415787 415809 416058 416949 419255 420266 420830 420942 422660 424028 424256 424326 424390 424406 425028 427551 427823 429083 771849 771901
gga01040_Biosynthesis_of_unsaturated_fatty_acids	395706 395929 415539 417366 419371 420518 420858 422598 422869 423120 423122 423222 424224 424251 424491 427232 428646 428772 428872 769787 769879 770094
gga01100_Metabolic_pathways	100533998 100736561 100857134 100857155 100857165 100857298 100857383 100857596 100857622 100857756 100857837 100857877 100857898 100858021 100858043 100858145 100858159 100858205 100858216 100858293 100858471 100858627 100858738 100858782 100858798 100858836 100858903 100859013 100859028 100859133 100859320 100859356 100859398 100859407 100859441 100859641 100859720 100859723 100859759 100859789 100859876 100859903 101747367 101747660 101747962 101748037 101748924 101748948 101748971 101749042 101749229 101749510 101749883 101751023 101751055 101751177 105667218 107048986 107049063 107049248 107049309 107049318 107049491 107049545 107049831 107049989 107050002 107050229 107050361 107050681 107050843 107050898 107050929 107050982 107051238 107051294 107051573 107052471 107053156 107053634 107055308 107055326 107055367 107055667 107055895 107056378 107056878 107057143 107057377 373889 373900 373916 373942 373971 373981 373997 374002 374006 374009 374020 374033 374044 374064 374066 374110 374122 374144 374159 374189 374193 374210 374222 374224 374263 378907 378909 378924 395072 395078 395080 395138 395139 395145 395182 395217 395218 395264 395270 395315 395338 395343 395346 395356 395373 395374 395375 395389 395395 395415 395472 395473 395474 395480 395486 395492 395497 395504 395549 395566 395592 395641 395650 395653 395667 395689 395694 395719 395726 395735 395743 395758 395775 395785 395799 395807 395816 395821 395827 395830 395833 395844 395860 395863 395913 395915 395916 395929 395979 396002 396011 396015 396016 396017 396025 396051 396061 396066 396091 396121 396122 396140 396146 396168 396169 396221 396248 396261 396283 396286 396316 396317 396379 396394 396435 396451 396456 396457 396458 396489 396504 396507 396508 396533 396534 396537 396540 396550 403122 404292 404301 404746 404751 407775 407778 408024 408026 408183 414139 414140 414780 414781 414797 414832 414833 414834 414838 414854 415317 415320 415332 415358 415361 415362 415385 415448 415454 415482 415484 415521 415566 415585 415598 415611 415619 415635 415674 415716 415746 415752 415783 415786 415803 415805 415807 415809 415812 415826 415848 415859 415876 415884 415908 415924 415951 415991 415993 416013 416017 416024 416035 416048 416057 416058 416066 416068 416087 416165 416170 416256 416260 416274 416285 416324 416326 416336 416341 416359 416370 416371 416374 416391 416393 416399 416425 416462 416477 416495 416505 416508 416520 416538 416543 416559 416571 416609 416642 416675 416714 416723 416728 416730 416743 416753 416767 416783 416796 416852 416880 416942 416943 416945 416949 416960 416969 416975 416976 416978 416980 416996 416997 417006 417015 417030 417039 417112 417126 417146 417163 417165 417185 417193 417199 417202 417214 417227 417249 417253 417273 417275 417295 417296 417329 417366 417373 417418 417472 417480 417505 417517 417540 417545 417571 417600 417609 417615 417650 417691 417699 417707 417733 417749 417753 417757 417829 417875 417907 417917 417918 417989 417990 418013 418028 418048 418049 418071 418098 418101 418104 418107 418118 418121 418124 418160 418162 418169 418171 418172 418181 418182 418193 418196 418199 418220 418223 418255 418265 418311 418330 418341 418342 418356 418377 418477 418508 418512 418516 418517 418541 418544 418545 418549 418550 418561 418563 418589 418593 418594 418602 418610 418620 418624 418639 418690 418692 418697 418728 418774 418793 418857 418880 418898 418909 418938 418953 418968 418992 419011 419019 419039 419053 419057 419077 419081 419108 419121 419124 419133 419146 419158 419175 419177 419179 419194 419255 419287 419303 419349 419403 419450 419467 419480 419489 419514 419517 419561 419588 419601 419609 419675 419678 419681 419686 419699 419701 419718 419739 419765 419793 419796 419803 419822 419861 419866 419931 419941 419992 420015 420034 420050 420060 420072 420088 420090 420103 420118 420183 420199 420210 420236 420243 420253 420259 420266 420290 420292 420293 420335 420337 420416 420432 420436 420459 420532 420548 420574 420575 420603 420624 420632 420639 420642 420656 420720 420780 420818 420826 420890 420902 420908 420928 420942 420947 420955 420969 420974 420976 420978 420998 421012 421013 421032 421059 421060 421092 421132 421152 421248 421281 421286 421303 421305 421309 421327 421347 421348 421396 421418 421452 421467 421540 421578 421587 421633 421726 421745 421755 421781 421797 421833 421841 421878 421886 421894 421898 421918 421921 421925 421936 421937 421939 421945 421954 421991 421999 422022 422038 422049 422069 422081 422082 422087 422093 422094 422115 422129 422136 422185 422302 422312 422327 422339 422345 422362 422387 422388 422392 422409 422423 422448 422454 422480 422488 422490 422528 422529 422530 422547 422556 422560 422561 422600 422605 422610 422611 422621 422648 422660 422686 422705 422715 422727 422731 422738 422743 422772 422791 422792 422807 422827 422828 422869 422893 422910 422931 422932 422935 422982 422983 422997 423011 423014 423019 423034 423041 423065 423070 423112 423154 423178 423179 423197 423222 423226 423227 423229 423232 423263 423271 423272 423274 423280 423342 423345 423347 423357 423374 423379 423394 423415 423421 423454 423496 423508 423567 423612 423618 423628 423632 423635 423678 423679 423698 423704 423705 423714 423727 423735 423738 423763 423769 423792 423806 423830 423834 423871 423895 423896 423916 423947 423973 423976 423979 424005 424028 424032 424037 424041 424043 424054 424071 424072 424078 424082 424102 424112 424135 424142 424160 424169 424171 424177 424214 424256 424286 424288 424294 424302 424319 424324 424326 424349 424367 424368 424380 424381 424387 424390 424405 424406 424465 424474 424484 424492 424517 424555 424556 424567 424572 424575 424590 424599 424661 424666 424676 424677 424678 424691 424697 424716 424729 424739 424747 424754 424810 424820 424839 424859 424877 424891 424892 424915 424936 424952 424954 424960 424962 424978 424986 425007 425011 425028 425029 425030 425055 425056 425061 425137 425215 425224 425243 425255 425291 425306 425359 425542 425758 425859 425997 426039 426126 426145 426184 426199 426223 426247 426249 426268 426289 426335 426429 426430 426435 426488 426550 426573 426612 426629 426646 426648 426673 426690 426732 426734 426739 426743 426747 426748 426785 426788 426805 426806 426812 426846 426847 426866 426879 426928 426929 426962 426991 426992 426999 427009 427092 427105 427138 427196 427199 427204 427207 427235 427243 427253 427257 427260 427263 427269 427283 427285 427292 427294 427308 427317 427335 427381 427391 427395 427429 427438 427453 427474 427477 427492 427495 427551 427577 427672 427679 427687 427721 427752 427782 427801 427803 427823 427854 427873 427897 427934 427964 427985 428092 428097 428135 428148 428180 428185 428188 428227 428228 428255 428279 428318 428341 428374 428399 428444 428479 428524 428559 428579 428583 428588 428622 428659 428661 428693 428713 428728 428743 428769 428809 428812 428813 428860 428870 428871 428872 428907 428925 428949 428969 428994 429027 429062 429083 429086 429100 429115 429501 429828 429983 430210 430370 430442 430522 430557 431056 431066 431261 431449 431509 431564 431629 431666 431683 552895 768421 768471 768538 768555 768660 768706 768854 768860 769005 769112 769122 769146 769203 769292 769338 769492 769506 769735 769765 769770 769787 769850 769879 769954 769958 769963 770036 770045 770049 770094 770135 770171 770190 770258 770292 770327 770344 770506 770619 770638 770663 770665 770704 770724 770734 770737 770828 770911 770922 770937 770996 771077 771098 771133 771207 771374 771393 771447 771459 771478 771503 771510 771539 771549 771552 771560 771574 771632 771655 771761 771808 771849 771901 771920 771930 771939 771947 772114 772125 772135 772150 772367 775974 776120 776127 776273 776432 776719 807635 807636 807637 807638 807639 807640 807641 807642 807643 807644 807645 807646 807647
gga01200_Carbon_metabolism	100858903 100859641 100859720 101751023 373889 373916 374009 374044 374064 374189 374193 374222 374263 395217 395218 395480 395492 395566 395689 395758 395833 395929 396016 396017 396261 396435 396456 396533 415317 415362 415385 415746 415783 415991 416066 416087 416520 416559 416714 416728 416969 417030 417517 417540 417699 418311 418610 418639 418774 418856 418857 418968 419019 419158 419450 419489 419793 419796 420969 421281 421587 422049 422185 422705 422931 422932 423019 423345 423347 423357 423600 423612 423618 423635 423698 423979 424112 424381 424877 426429 426573 426629 427263 427308 427453 428188 428969 428994 430370 430442 431056 768421 768706 769850 770045 770344 770828
gga01210_2-Oxocarboxylic_acid_metabolism	100858836 100858903 101751023 107056878 373916 374009 396261 396533 415362 415746 418193 424112 426573 428728 431056
gga01212_Fatty_acid_metabolism	395706 395929 396061 396504 415361 415539 416324 416969 417366 418968 419601 419681 420090 420290 420518 420656 420858 421587 422345 422547 422598 422869 423118 423120 423122 423896 423947 424005 424224 424251 424491 424649 424810 424877 426847 427232 427934 428646 428772 769787 770094 770828
gga01230_Biosynthesis_of_amino_acids	100858836 100858903 101747660 101751023 107056878 373916 374009 374064 374193 374263 395492 395689 395735 395833 396016 396017 396261 396435 396456 396489 396533 408024 415362 415746 415884 415991 416165 416520 417030 417185 417253 417540 417545 418193 418544 418545 418639 420293 422069 422185 422931 423019 423272 423628 423635 423976 424112 424381 424716 426573 426812 427263 427292 427308 428728 428969 428994 431056 769203 769850 770045
gga02010_ABC_transporters	100049619 107055879 373945 395416 395712 416386 416600 416834 417440 417443 417444 417694 418200 418468 418533 418791 420534 420606 420943 421401 421402 421456 421537 422099 422326 423072 423349 423767 423828 424011 424170 424487 424490 424947 425721 426955 427727 427728 428242
gga03008_Ribosome_biogenesis_in_eukaryotes	100857200 100858366 100861562 100873151 101748079 107053172 107055627 396193 415384 415467 415609 415626 415867 415897 416218 416276 416545 416973 417388 417405 417477 417975 417986 418292 418551 419140 419614 419761 420458 420530 420870 420876 420911 421192 421236 421295 421326 421811 422140 422196 422346 422665 422697 423355 423633 423795 423985 424087 424778 424897 425009 425215 425567 425734 426152 426574 426609 427001 427222 427278 427403 427952 430848 432370 768362 769632 l-rRNA s-rRNA
gga03010_Ribosome	100857770 100858296 100858402 100859914 100861562 101749142 107049046 107049503 107050441 107050719 107051012 107055140 107056740 373936 373937 373957 374053 374132 374133 374134 374255 395181 395269 395796 395835 395849 395958 396001 396148 396262 396280 396400 396411 396448 414782 415372 415498 415551 416122 416253 416275 416542 416544 416706 417140 417158 417264 417538 417574 417823 417871 418016 418401 418568 418699 418710 418723 418933 419049 419069 419228 419682 419895 419904 420001 420003 420182 420356 420686 420773 421121 421256 421385 421443 421445 421585 421698 421919 422066 422105 422122 422477 422507 422526 422914 423000 423726 424436 424584 424924 425416 425468 426121 426492 426521 426666 426845 426941 427186 427323 427675 427978 428442 428840 430990 768911 768930 768957 769031 769700 769981 769996 770018 770025 770249 770261 770472 770722 770813 770979 771528 771953 776054 l-rRNA s-rRNA
gga03013_RNA_transport	100857736 100858231 100858240 100858349 100859661 100859886 101747413 101748079 101750306 101751988 107049541 107050968 373930 373963 374025 374123 374206 374226 395232 395295 395514 395905 396193 415573 415693 415977 416064 416077 416103 416119 416232 416246 416254 416704 416756 416973 417019 417198 417313 417463 417501 417824 417935 417997 418093 418175 418240 418597 418606 418631 418677 418730 418734 418937 419100 419189 419244 419324 419653 419674 419869 420037 420119 420272 420288 420530 420614 420715 420848 420876 421062 421126 421192 421450 421535 421628 422120 422183 422214 422346 422361 422395 422639 422703 422899 423279 423336 423338 423359 423479 423748 423795 423927 423998 424457 424587 424864 424889 424941 424948 424953 424968 425009 425500 425544 425567 425800 426135 426146 426266 426499 426773 427124 427195 427379 427403 427443 427760 427835 428216 430616 430848 430997 431122 768362 769169 769479 769783 770125 770225 770553 771356 772284
gga03015_mRNA_surveillance_pathway	100857196 100858156 100858231 100858240 100858636 101748079 101750600 107050968 374206 374226 395878 396019 396021 415942 416182 416318 416350 416494 416605 416704 416756 416872 416979 417667 417844 418670 418734 419021 419100 419189 419331 419410 419523 419674 420119 421046 421250 421372 421595 421694 421819 421929 422214 422258 422319 422346 422754 422858 423131 423324 423338 423416 423460 423512 423970 424444 424733 424753 424889 425473 426014 426135 427266 427379 428216 430689 430997 768522 769028 769169
gga03018_RNA_degradation	100857630 100858397 100858560 100858931 107050971 107052160 374064 395225 395689 396016 396017 396295 415294 415327 415359 415656 415733 415811 415992 416040 416183 416255 416293 416423 417182 417765 417851 417936 417992 418821 418926 419189 419454 419674 419716 419781 419783 419932 420055 420128 420669 420704 420751 421206 421236 421267 422466 422508 422733 423626 423844 424059 424215 424778 425032 426566 426775 426807 427114 427137 429172 430997 619530 769850 769972 770425 772197
gga03020_RNA_polymerase	101749883 107049063 107050002 107050843 395486 415635 416620 416723 417990 418071 420103 420603 421452 422621 422910 423727 424754 424954 426289 426805 427105 428713 770704
gga03022_Basal_transcription_factors	100534591 100857185 100858972 107052460 395517 395995 415780 417486 417487 417522 418328 418365 418843 419107 419223 419585 419899 419929 421086 421538 422152 422192 422204 423081 423389 423521 423872 424226 424518 427328 428389 428778 769754 770910 771227 771294 771837 776269
gga03030_DNA_replication	100859398 100859719 100859759 107050018 107055326 107057377 373984 395848 396542 416027 416997 417275 417563 418058 418122 418593 418874 418907 419053 419566 420578 421878 422043 422788 423567 423688 424295 424958 426646 426764 430516 769677
gga03040_Spliceosome	100858001 100859000 100859332 100859609 100859627 107048994 107049207 107050968 373972 374226 395298 395370 395403 395629 395853 396180 396195 415523 415680 415875 415968 416040 416157 416232 416270 416312 416349 416492 416704 416947 417270 417559 417765 417916 417986 417991 418248 418996 419036 419116 419254 419299 419507 419556 419593 419600 419608 419689 419815 419884 419901 419959 419982 420054 420055 420077 420128 420144 420402 420618 420747 420751 420811 421062 421243 421261 421492 421760 421976 422052 422214 422248 422361 422401 422466 422813 423250 423258 423265 423296 423381 423504 423889 424056 424136 424773 424889 426042 426061 426265 426402 426516 426667 427379 427458 427602 427717 427880 428281 430767 503574 768611 769169 769794 771295 771344 771795 772264 776411
gga03050_Proteasome	100216364 107049719 378915 395318 395804 395874 396003 396054 415357 415869 416079 417425 417716 418925 419630 419997 420017 420772 421218 421551 422990 423182 423326 423542 423586 424189 424926 425294 426133 426937 428274 429986 430115 430878 772237
gga03060_Protein_export	101750392 396234 396487 415334 415899 416023 417363 417780 419056 419713 420997 421774 422626 423284 423322 424993 426369 426850 770061 770243 771365 776639
gga03320_PPAR_signaling_pathway	100858842 100859721 101747587 373928 374015 374018 374120 374165 395221 395263 395479 395706 396219 396231 396246 396457 396458 396536 396550 404536 414834 415361 415487 416068 416154 416324 416588 417143 417220 417366 417730 418589 418982 419557 419802 420090 420197 422345 422547 422598 422678 422869 423118 423122 423749 423896 424005 424649 424810 424877 425055 426008 426354 426892 427237 428164 431683 769087 769933 770094
gga03410_Base_excision_repair	100431102 100857925 100859398 107055326 107057057 107057377 373984 374010 395428 395510 395724 396199 416551 416648 416997 417275 417530 418958 419053 422037 423567 423853 424594 426794 428750 430516 431025 769677 770068 771001 771158
gga03420_Nucleotide_excision_repair	100858972 100859241 100859398 100859719 107055326 107057377 373984 374050 395659 396542 416039 416420 416997 417275 417563 418001 418744 418907 419053 419566 420578 422303 422364 422788 423081 423185 423521 423567 423785 424226 424958 427153 427328 428019 430516 431623 769754 771294 771837
gga03430_Mismatch_repair	100859200 100859398 100859719 101752182 107057377 373984 378799 396542 417563 418122 418907 419053 419566 420578 420729 421291 421505 422788 424958 427318 430516
gga03440_Homologous_recombination	100859398 107057377 374139 374246 395449 395555 396086 415577 416329 416517 416771 417528 417563 417626 418097 418122 418152 419053 419566 420438 420578 422104 423485 424611 769071 772237
gga03450_Non-homologous_end-joining	395376 395555 395767 396351 416329 418764 423853 424205 424222 427325 430764 769677
gga03460_Fanconi_anemia_pathway	100049617 100857997 101750641 101751277 101752182 107049324 373983 374003 374139 378893 395102 395128 396086 415383 415491 415577 415770 415854 415935 415949 416400 416420 416517 416572 416628 416665 416757 416771 417563 417626 417642 418628 418703 419566 419891 420427 420578 420729 421149 421202 422104 422892 424685 424727 424777 427468 428622 431669 769039 771417
gga04010_MAPK_signaling_pathway	100857380 100857832 100857880 100858193 100858338 100858386 100858676 100858946 100859132 100859853 100873157 101749229 101750513 107050084 107050551 107050634 107050884 107054794 107054958 107055370 373924 373929 373953 374094 374128 374169 374192 374196 374259 374272 378804 378890 378913 378917 386572 386574 386579 395113 395149 395196 395260 395261 395274 395378 395394 395432 395453 395476 395499 395509 395554 395603 395642 395693 395704 395727 395853 395870 395871 395891 395895 395917 395928 395983 395985 396027 396033 396057 396085 396094 396103 396157 396186 396200 396227 396229 396239 396245 396259 396267 396313 396337 396349 396394 396399 396413 396438 396466 396481 396494 396512 396515 396516 408035 414831 415439 415549 415557 415578 415711 415891 415917 415996 416496 416526 416567 416939 417287 417312 417428 417429 417430 417445 417553 417583 417669 417739 417840 418014 418044 418207 418325 418605 418714 418715 419083 419187 419832 419847 419867 419885 419954 419964 420332 420419 420479 420815 421183 421340 421352 421404 421460 421497 421570 421579 421622 421688 421808 422273 422330 422380 422418 422592 423062 423085 423163 423202 423226 423227 423229 423290 423408 423504 423525 423572 423669 423778 423890 424149 424225 424261 424412 424542 424673 424782 424860 424876 424997 425210 425375 425527 425965 426737 426792 426986 427144 427327 427900 427909 428099 428104 428420 428537 428779 428857 428870 428871 429064 429269 429929 430150 431192 431336 693255 768444 768907 769007 769109 769385 769763 769924 770435 770457 770488 770905 771145 771552 771560 771574 771961 771985 772239 777366
gga04012_ErbB_signaling_pathway	107050551 107054794 373906 373953 374038 374106 374174 374175 378914 386572 395410 395556 395654 395671 395928 395934 395983 396229 396239 396245 396349 396416 396442 396494 408035 408036 414743 415354 415549 415805 416567 416734 416939 417181 417312 417319 417430 417553 417637 417706 418207 418335 418406 418727 419083 419175 419444 419455 419885 420332 421497 422342 422456 422592 422688 423572 423737 423778 424673 424826 424860 424971 426130 426482 426773 427171 427606 428752 428837 428937 429096 429557 431192 431265 448833 693245 770341 770462 771142 776273
gga04020_Calcium_signaling_pathway	100857635 100858928 101749217 101750705 373890 373908 373909 373933 374001 374072 374077 374166 374169 374174 374175 374244 378804 378890 378928 395113 395190 395339 395412 395498 395507 395509 395581 395671 395677 395694 395707 395759 395760 395770 395776 395807 395855 395891 395895 395971 395985 396032 396065 396111 396120 396356 396364 396378 396434 396445 396446 396494 396523 396528 404296 408082 414885 415732 415741 415748 415805 415958 416150 416320 416526 416567 416692 416730 416743 416845 417430 417509 417543 418126 418182 418212 418612 419082 419175 419313 419910 419934 420328 420416 420752 420788 420893 420935 421508 421614 421998 422013 422181 422546 422688 422799 422801 422827 422933 422942 423014 423134 423723 423737 423794 424116 424214 424412 424542 424548 425224 426130 426793 427212 427262 427267 427552 427623 427633 427635 427678 427687 427705 427721 427803 427900 428070 428071 428149 428203 428209 428263 428278 428279 428409 428691 428707 428881 428906 428961 429116 429211 429367 430019 430991 431090 431611 474379 693245 723973 768993 768996 769385 770277 770488 771773 771952 772225 772372 776273 777528
gga04060_Cytokine-cytokine_receptor_interaction	100499189 100857191 100857744 100857947 100858060 100858177 100858200 100858422 100858964 100859032 100859707 100873157 101747500 101749221 101750245 101750396 107049089 107049315 107049316 107049337 107051287 373958 374094 374100 374128 374147 374196 374213 374223 374229 374249 378783 378803 378894 378930 395082 395083 395090 395096 395180 395196 395199 395246 395255 395258 395262 395274 395294 395312 395323 395324 395337 395385 395451 395485 395494 395509 395551 395660 395663 395664 395665 395684 395742 395872 395885 395887 395909 395941 396028 396030 396054 396134 396216 396308 396324 396398 396399 396438 396453 396481 396488 396494 396495 404671 407090 408035 408184 414803 414804 415651 416307 416325 416330 416585 416586 416587 416686 417247 417465 417838 417983 418158 418325 418502 418666 418668 418715 418717 418943 419067 419365 419424 419620 419692 419694 419771 419784 420193 420695 420696 420718 420719 421352 421685 421686 422062 422166 422230 422316 422511 422573 424261 424384 424704 424705 424908 425564 425805 426054 427406 427446 427620 427718 428015 428067 428264 428315 428452 428454 428457 428997 429064 430652 474360 554218 554219 693251 693252 768437 768614 768878 769069 769278 769909 770275 770428 770488 771315 771801 776400
gga04068_FoxO_signaling_pathway	100529062 100857298 100857767 100859356 100859853 100873157 101749060 101749888 107050619 107052854 107054958 107055136 107055408 373953 374042 374047 374094 374106 374231 378891 378894 378914 386572 395076 395126 395132 395133 395247 395337 395401 395609 395889 395928 395983 396110 396145 396167 396229 396239 396245 396341 396349 396399 396438 396457 396458 396494 408035 415400 415458 415549 416575 416588 416667 416986 417319 417669 417706 417739 418000 418090 418207 419166 419187 419444 419885 420027 420105 420115 420133 420148 420167 420343 420435 421183 421352 421497 421614 421769 421906 422347 422443 422497 422512 422592 423164 423165 423572 423600 423646 423669 423675 423778 423971 424171 424208 424261 424462 424586 424826 424912 424971 425111 426054 426792 427017 427150 427171 427181 427185 427390 427437 428264 428703 429064 429096 429110 429688 429929 430495 431192 693255 769118 769763 770240 771142 771145
gga04070_Phosphatidylinositol_signaling_system	100857294 100857877 100859723 101748037 101751177 107049248 107049926 395412 395694 395855 396523 415587 415805 415951 416010 416048 416567 416692 416730 416743 416767 416996 417015 417135 417319 417430 417472 417706 418124 418181 418182 418212 418498 418690 418938 418992 419175 419444 419517 419609 419822 419908 419910 419999 420072 420199 420221 420416 420504 421032 421132 421656 422129 422136 422312 422387 422388 422454 422611 422731 422807 423014 423070 423197 423421 423675 423973 424114 424214 424745 424747 424826 424839 424971 425224 425291 427171 427243 427276 427381 427687 428279 428692 429096 429983 769506 770911 771142 771549 772367 776273
gga04080_Neuroactive_ligand-receptor_interaction	100034745 100857164 100857635 100857687 100857976 100858928 100859173 100859322 100859572 101747873 101749217 101749627 101749756 101750705 101751513 101751902 107048991 107049027 107049315 107051813 107056103 107056104 373890 373908 373909 373933 373956 374001 374108 374166 374212 374214 374218 374223 378781 378784 378911 378927 378928 386577 386578 395105 395108 395190 395259 395305 395306 395329 395368 395507 395522 395581 395604 395605 395606 395607 395608 395613 395660 395677 395770 395776 395931 395937 395962 395971 396065 396114 396118 396120 396137 396138 396173 396251 396275 396288 396289 396290 396319 396321 396338 396344 396345 396364 396431 396453 404296 408082 408184 414885 414890 414893 414894 415713 416112 416150 416174 416280 416343 417965 418126 418198 418226 418333 418489 418644 418665 418684 419251 419619 419751 419906 420139 420385 420386 420401 420453 420468 420979 421047 421117 421580 421614 421644 421815 421829 421858 422147 422148 422149 422289 422405 422411 422415 422419 422520 422568 422770 422771 422801 422933 422942 423016 423134 423195 423794 423990 424462 424548 424833 424940 425670 426044 426049 426086 427183 427212 427213 427339 427517 427545 427552 427562 427575 427623 427633 427635 427636 427637 427667 427678 427705 427787 427800 427853 427860 427904 427907 427963 428070 428071 428072 428093 428108 428147 428149 428203 428209 428232 428252 428263 428277 428409 428425 428485 428512 428516 428525 428533 428547 428573 428594 428610 428628 428632 428633 428644 428691 428696 428707 428708 428727 428759 428799 428881 428900 428906 428934 428955 428961 428967 428980 428985 429116 429150 429151 429171 429211 429337 429367 429951 430019 430484 430495 430628 430981 430991 431090 431251 431264 431416 431581 431664 693264 768449 768536 768558 768993 768996 769001 769106 769107 770030 770097 770277 770511 770710 770757 770943 771215 771598 771648 771773 771952 771973 772019 772372
gga04110_Cell_cycle	100529062 100857489 100859853 100873157 107050084 107055136 373959 373961 373984 374047 374106 374260 378914 378922 386582 395076 395132 395187 395188 395247 395297 395376 395401 395609 395635 396142 396167 396172 396200 396252 396341 396438 396541 408037 415400 415749 416027 416158 416319 416575 416667 416776 416838 416842 416955 417181 417258 417269 417554 417714 418000 418001 418058 418243 418335 418735 418739 418901 419126 419190 419493 419928 419960 420206 420231 420286 420332 420375 420536 420558 420783 420824 421226 421228 421352 421822 421849 421932 422043 422360 422461 422675 422805 423045 423949 424077 424295 424307 424466 424507 424563 424640 424735 424777 424780 425111 425366 425536 425619 426117 426764 427328 427437 427473 427658 427820 427918 429104 429929 693255 768913 769430 769605 771294 771857
gga04114_Oocyte_meiosis	100529062 100858156 101748777 107049524 373953 374174 374175 378804 378890 386579 395113 395187 395188 395339 395340 395412 395855 395889 396019 396021 396145 396198 396252 396523 415326 415400 415549 415732 416158 416181 416318 416319 416363 416575 416692 416838 416842 416872 416955 417258 417269 417554 418001 418090 418182 418212 418243 418605 418735 419190 419493 419910 419960 420231 420245 420328 420650 420783 420788 420935 421226 421228 421250 421372 421570 421642 421932 422013 422165 422273 422461 422675 422688 422805 422832 423460 423512 423737 423816 423854 423878 424542 424563 425536 425619 426117 427820 428167 428537 769605 769763 771857
gga04115_p53_signaling_pathway	100529062 100858796 100859755 100859853 107053895 107056614 373987 374047 374076 374260 378914 395236 395274 395284 395401 395476 395609 396167 396200 396252 396341 408037 415400 415948 416161 416552 417644 417926 418090 419382 419711 419823 419928 420231 420253 420558 420624 420790 420900 421682 421683 421766 421936 421977 422211 422512 423172 423185 423675 424275 424777 425204 425428 426117 426464 426970 428089 429072 429929 693255 768913 770077 770613 771726
gga04120_Ubiquitin_mediated_proteolysis	100857563 100857678 100858564 100858641 100859413 100859884 101748429 101750090 107049465 107050834 107056274 373920 373959 373983 374012 374038 374050 374076 374119 374123 395178 395280 395297 395299 395528 395609 395672 415302 415356 415367 415406 415497 415784 415868 416117 416137 416181 416319 416383 416487 416630 416660 416678 416769 416775 416838 416842 417024 417258 417269 417359 417628 417898 418001 418406 418682 418686 418735 418744 418969 419074 419145 419239 419421 419448 419495 419536 419758 419960 419991 420095 420185 420187 420212 420252 420447 420467 420653 420783 421202 421228 421463 421577 422226 422364 422461 422514 422655 422713 422805 422940 423163 423185 423641 423664 423683 423854 424015 424122 424563 424781 424785 424804 424837 425483 426073 426918 427021 427134 427144 427153 427437 427514 427809 428477 428787 429072 430767 431586 769605 770961 771726 771857 776043 776286
gga04122_Sulfur_relay_system	395270 415850 417221 418048 418049 419133 425909 427199 769390
gga04130_SNARE_interactions_in_vesicular_transport	100857565 107049452 107054993 107056189 107056411 378895 395957 416207 416766 417321 417591 418273 419315 419368 419973 420134 420563 420995 422297 422848 422985 423235 423273 424377 424413 424827 426930 428597 428839 430371 770351 770513 770885
gga04140_Regulation_of_autophagy	100857744 100857877 100857947 100858177 100859032 101750245 107049337 107050619 396054 396145 396398 404750 415961 416800 417614 418369 420018 421690 421784 423192 424688 424746 427185 427322 427390 428449 428922 429110 768614 769118 769780 770240 772074
gga04141_Protein_processing_in_endoplasmic_reticulum	100857165 100857815 100857832 100858808 100858986 100858988 100859104 100859241 100859676 100859884 101751309 107049491 107049822 107050049 107050551 373899 374091 374163 374186 378424 378918 395147 395343 395360 395528 395693 395853 395963 395983 396014 396089 396188 396240 396282 396376 396414 396487 415522 415644 415697 415704 415744 416017 416023 416110 416119 416137 416185 416288 416313 416314 416319 416724 416882 416918 416934 416965 417287 417296 417414 417456 417498 418001 418073 418265 418546 418785 418787 418917 419177 419256 419268 419421 419448 419494 419495 419588 419912 420350 420508 420655 420783 420785 420867 420871 420927 420967 420997 421509 421577 421688 421726 421774 421880 421940 422496 422523 422592 422597 422683 422713 422738 422857 422930 423279 423285 423335 423391 423463 423504 423585 423641 423707 423711 423742 423764 423778 424115 424365 424450 424757 424837 424868 424993 425027 425542 425656 426353 426369 426849 426918 427022 427365 427376 427410 427454 427996 428251 428266 428329 428358 428444 431623 693249 770034 770961 771022 771230 776639
gga04142_Lysosome	100857525 100857973 100858592 100859261 101750092 101752092 107049249 107050229 107055308 107057619 374125 395272 395380 395472 395473 395474 395602 395811 395817 395818 396044 396046 396090 396220 396329 396547 414800 415320 415425 415581 415674 415848 415880 416226 416395 416462 416577 416591 416753 416765 416834 417021 417606 417829 418096 418104 418621 419014 419077 419311 419531 419552 419681 419879 420079 420149 420160 420210 420720 421076 421863 421959 422081 422082 422121 422188 422392 422410 422490 422498 422558 422638 422712 422727 423309 423353 423394 423418 423736 423789 424540 424575 424807 424961 425576 425657 426049 426164 426199 426790 426863 426955 427204 427284 427294 427389 427466 427646 427823 427854 428163 428864 751817 768530 769343 770109 770893 771459 771791
gga04144_Endocytosis	100529061 100857269 100857553 100857563 100858913 100859290 100859555 100859707 100859860 100859879 100873157 101748842 101750705 101752218 107049466 107049507 373996 374035 374038 374094 374100 374119 378783 378796 395132 395197 395199 395201 395202 395203 395247 395272 395294 395323 395324 395431 395442 395509 395603 395609 395638 395671 395817 395853 395889 395917 395930 396107 396134 396191 396229 396259 396265 396337 396399 396418 396438 396442 396449 396494 396515 396521 408035 408046 415302 415406 415451 415526 415544 415750 415841 415877 415976 416016 416051 416128 416196 416226 416361 416487 416490 416524 416626 416718 416765 416835 416837 416867 416904 416931 416983 417057 417092 417197 417217 417525 417584 417750 417771 417772 417896 418043 418077 418094 418145 418146 418224 418406 418461 418608 418883 418902 419145 419150 419211 419241 419318 419352 419399 419420 419535 419589 419641 419738 419990 420021 420063 420072 420147 420170 420201 420212 420226 420334 420398 420468 420472 420517 420634 420649 420695 420696 420725 420761 420901 420968 421306 421352 421532 421674 421772 421982 421994 422085 422143 422316 422732 422879 422918 422952 423023 423082 423102 423163 423187 423504 423696 423758 423760 423772 423839 423924 423929 424024 424143 424228 424260 424261 424317 424389 424522 424633 424639 424698 424895 424986 424991 425389 425637 426000 426089 426468 426519 426797 427212 427243 427284 427315 427449 427480 427605 427623 427746 427808 427809 427929 428352 428385 428511 428673 428675 428704 428790 428927 429041 429075 429125 429809 429983 430652 430741 430750 430991 693245 693260 768507 768599 769109 769389 770246 770269 770334 770622 771038 771090 771898 776036 776173
gga04145_Phagosome	100529061 100857227 100857247 100857553 100857877 100858824 100859104 100859737 100859840 101747454 373987 374058 374141 374209 374267 395142 395197 395308 395472 395473 395474 395488 395497 395821 395871 396044 396181 396191 396220 396254 396306 396370 396420 396426 396427 396526 404304 414800 414837 415296 415674 415793 416016 416023 416288 416694 416695 416753 416814 417050 417051 417057 417241 417249 417255 417466 417467 417485 417558 417730 417896 418052 418104 418162 418166 418295 418581 418979 419368 419950 420120 420160 420210 420259 420515 420516 420571 420649 420668 420883 420997 421037 421061 421169 421939 422257 422848 423280 423461 424114 424151 424349 424377 424445 424575 425049 425256 425389 425657 426199 426369 426930 427466 427721 427727 427728 427746 427854 428421 428609 428649 428675 429035 430189 431043 693256 693260 724083 768337 768854 769014 769300 769770 771782 771876 771888 776639 776719 776720 776816
gga04146_Peroxisome	100857465 100857693 100857696 100858352 100858408 101747962 101751055 107050261 374042 395785 395807 395938 396025 396316 396550 415486 415800 415812 416068 416324 416709 416728 417195 417366 417526 417694 418004 418165 418299 418302 418311 419043 419153 419303 419396 420131 420192 420533 420554 420638 420878 421197 421548 421669 421687 421886 421999 422345 422547 422869 423028 423201 423349 423600 423896 424112 424135 424224 424487 424598 424810 424877 426247 426354 426601 427429 427548 429155 431056 768471 768555 769879 770094 770344 770953 771421 771808
gga04150_mTOR_signaling_pathway	100858349 101749888 107053109 107053650 107054958 373953 374177 386579 395909 395928 396145 396148 396239 416552 416558 416567 416588 416800 417166 417319 417430 417614 417637 417706 418090 418605 418865 419444 419455 419605 419957 420105 420434 421497 421570 422273 422311 422703 423675 424826 424830 424941 424971 426773 426792 427171 427185 427447 428674 429096 429110 429557 769780 771142
gga04260_Cardiac_muscle_contraction	100858946 107049545 107050634 107050681 107055375 107055895 373924 374259 395279 395350 395378 395534 395891 395895 395985 396032 396067 396366 396428 396430 396433 396467 396468 396472 396529 396530 396549 415752 415826 415996 416013 416336 416874 416978 417428 417429 419580 420236 420243 421392 421508 422365 423298 427009 427909 428420 430150 431629 768444 769735 770103 770135 770937 771939 771947 772260 775974 777366 807635 807637 807639 807641
gga04261_Adrenergic_signaling_in_cardiomyocytes	100857781 100858156 100858946 100859610 101748386 101750705 107050634 107055375 373890 373924 373953 374097 374174 374175 374244 374259 378903 395099 395279 395339 395340 395350 395378 395534 395693 395727 395855 395891 395895 395928 395947 395985 396019 396021 396032 396065 396067 396282 396366 396367 396368 396378 396428 396430 396433 396467 396468 396472 396523 396529 396530 396549 415732 415958 415996 416318 416350 416692 416730 416872 416874 417319 417428 417429 417430 417706 417739 418123 418670 419313 419444 419523 419580 419774 419934 420328 420788 420935 421183 421250 421372 421497 421508 422013 422365 422688 422858 422933 423014 423090 423298 423324 423408 423460 423512 423737 423970 424542 424733 424826 424971 426888 427171 427262 427417 427623 427687 427909 428203 428333 428420 428435 428708 429022 429096 430150 430991 768444 769763 770103 771142 771145 777366
gga04270_Vascular_smooth_muscle_contraction	100857499 100858156 100858782 100859339 100996929 101749229 107049646 107051573 373890 373908 373953 373965 373970 374065 374077 374182 395301 395339 395340 395412 395442 395478 395855 395891 395895 395971 395985 396019 396020 396065 396084 396215 396239 396245 396349 396356 396394 396445 396523 415549 415732 415748 415905 416425 416567 416692 416730 416872 416980 417430 417434 417852 418028 418212 418356 419313 419752 419910 420022 420328 420786 420788 420893 420935 421409 422013 422407 422408 422933 423014 423037 423226 423227 423229 423518 423682 423705 423787 423990 424016 424542 425979 426747 426748 427262 427687 427705 428203 428263 428278 428870 428871 429128 769924 770292 770907 771552 771560 771574 771655 771678 771773 776459
gga04310_Wnt_signaling_pathway	100170842 100873151 107050792 107051796 107052763 107055136 373885 373886 373887 373977 374047 374059 374060 374061 374062 374076 374142 374156 374168 374174 374175 374182 374243 378788 378804 378890 378891 395113 395152 395229 395230 395234 395235 395237 395396 395442 395479 395508 395546 395561 395562 395571 395572 395623 395703 395786 395829 395865 395870 395871 395924 395964 395983 396160 396200 396341 396543 415607 415626 415711 415729 416022 416181 416319 416354 416567 416667 416730 417385 417430 417561 417669 417769 417793 417831 418000 418001 418044 418154 418335 418337 418983 419097 419346 419416 419928 420332 420732 420783 420815 421422 421808 422234 422531 422592 422688 422904 423014 423114 423532 423737 423778 423838 423854 423958 424437 424542 424673 424864 424949 426045 426284 426903 427687 427856 427937 428413 428534 428953 429040 429363 429784 432370 771092 771427 771460
gga04320_Dorso-ventral_axis_formation	107053055 373953 374031 386572 395655 395750 396235 396239 396250 396494 415326 415549 415855 416363 416804 418207 419813 421033 422832 423572 423816 431192 775973
gga04330_Notch_signaling_pathway	100858958 373961 373977 374031 374188 374232 395128 395516 395635 395639 395655 395789 395790 395820 396043 416286 416354 416667 416815 417515 418000 418042 419185 419390 419392 419416 421931 422445 422802 422904 423208 423381 423958 424267 424949 426529 426905 428088 428441 431243 769039 769986 770657 776138
gga04340_Hedgehog_signaling_pathway	100857862 107055407 374047 374118 374187 378891 395615 395801 395806 395924 395949 395956 396045 396282 396341 415328 415488 416181 416332 416487 416904 417378 418335 418361 418375 419710 420769 420783 422460 422851 423854 424168 424299 424542 424804 425528 426000 427809 769109 770095 770168
gga04350_TGF-beta_signaling_pathway	100873157 107049247 107049250 107052761 107055136 373912 373952 373953 373970 373987 374094 374096 374147 374150 374213 374249 378779 395076 395132 395205 395246 395247 395281 395282 395303 395442 395494 395529 395543 395544 395679 395680 395828 395852 395862 395887 396021 396030 396053 396054 396119 396126 396165 396308 396324 396339 396361 396399 396438 416318 416319 416487 416667 417637 417892 418000 418001 418739 419126 420206 420332 420783 420868 421352 421461 424261 424325 424639 427315 427689 427809 428131 428413 428655 429557 429683 768878 769430 771058
gga04370_VEGF_signaling_pathway	101749229 373953 378804 378890 395113 395323 395832 395870 395871 395909 395917 395928 396227 396229 396245 396349 396394 396416 396442 396451 415549 415805 415917 416567 417319 417430 417706 417739 418044 418207 419175 419346 419444 419847 419885 421183 421497 423226 423227 423229 424826 424971 425978 426970 427171 427803 428870 428871 429096 769763 770341 771142 771145 771552 771560 771574 776273
gga04510_Focal_adhesion	100857227 100858156 101749098 107049646 107054794 373918 373938 373939 373946 373953 373970 373980 373987 373996 374012 374016 374018 374047 374058 374100 374128 374182 374196 374209 378796 378913 386572 395069 395142 395194 395210 395255 395260 395261 395280 395323 395442 395469 395470 395478 395509 395530 395532 395742 395832 395870 395871 395889 395909 395917 395928 395934 395935 395941 395951 395963 395964 395983 396000 396019 396020 396024 396071 396076 396106 396133 396134 396213 396215 396225 396226 396229 396239 396242 396243 396245 396263 396282 396284 396292 396294 396306 396341 396356 396416 396420 396422 396440 396442 396445 396478 396494 396524 396526 396548 408035 408043 414837 415296 415374 415549 415560 415578 415691 415748 416567 416588 416734 416872 416874 416939 417173 417180 417319 417374 417430 417506 417553 417706 417772 417840 418044 418090 418235 418236 418300 418335 418752 418978 419031 419083 419444 419867 419928 420120 420757 420893 421497 421709 421749 422316 422342 422348 422350 422573 422592 423030 423572 423675 423778 423960 424121 424191 424435 424442 424673 424797 424799 424826 424860 424971 425730 426130 426482 427171 427850 428148 428268 428278 428448 428524 428837 428883 429096 431192 431265 769665 770011 770341 770462 770488 771142 771832 771873 776775 776816
gga04512_ECM-receptor_interaction	100049058 100857227 100857508 100857718 101749098 101750889 107051576 373946 373980 373987 374016 374058 374209 395069 395142 395210 395470 395530 395532 395666 395935 395951 396000 396071 396076 396106 396133 396213 396225 396226 396242 396243 396292 396306 396420 396440 396478 396524 396538 396548 408043 414837 415560 416163 417180 417374 417730 418408 418752 419031 419184 420120 420757 421709 421749 421960 422348 422350 424121 424191 424435 424442 424797 424799 427508 427850 428148 428268 428448 428524 429806 431597 769665 771873
gga04514_Cell_adhesion_molecules_(CAMs)	100036512 100857553 100857875 100858236 100858888 100859605 101747454 101748655 101752024 107049099 107054331 374028 374029 374058 374068 374102 386580 395144 395362 395385 395398 395470 395485 395565 395662 395822 395968 396026 396059 396092 396175 396181 396202 396225 396226 396249 396343 396420 396492 403158 414745 414845 415315 415860 417050 417051 417057 417171 417786 418415 418441 418476 418662 418790 419184 419222 419707 419736 419762 419824 419825 419856 420757 421049 421960 422292 423385 424105 424106 424121 424336 424364 424402 424467 424568 424768 424910 424913 424980 424990 425256 425389 427224 427225 427746 427944 427968 427973 427974 427982 428006 428245 428253 428309 428756 428862 429135 429147 430189 430382 693256 693260 724083 768456 768858 768950 769245 769340 770104 771243 772097 772212 772356 776920
gga04520_Adherens_junction	100857875 100873151 101750739 107055136 373918 373953 374094 395132 395229 395230 395247 395330 395442 395508 395688 395865 395870 395871 395889 395917 395964 396024 396035 396047 396134 396238 396263 396294 396399 396422 396442 396494 396516 396526 415296 415388 415591 415626 415860 416184 416667 417669 417750 417853 418000 418044 418415 418815 418934 420133 420468 421049 421564 421761 421808 422077 422323 423648 423749 424261 424532 424568 424842 426130 426359 427947 428852 432368 432370 776816
gga04530_Tight_junction	100036512 100858027 100858888 100873151 101748842 107052692 373918 374028 374029 374069 374097 395144 395149 395279 395350 395442 395534 395751 395917 395928 395964 396021 396024 396026 396035 396211 396215 396229 396238 396263 396284 396367 396368 396371 396442 396455 396465 396469 396493 396526 415296 415388 415626 415905 416083 416184 416318 416350 416567 416700 416874 417306 417309 417310 417430 417506 417729 418207 418476 418524 418565 418651 418790 419117 419352 419399 419523 419736 419877 419885 420070 420468 420987 421055 421409 421455 421497 421564 421703 422127 422292 422636 422858 423062 423281 423518 423648 423675 423970 424149 424636 424682 424768 424910 424990 424991 425064 426867 427360 427788 427789 427973 427974 427982 428091 428245 428511 428756 429135 429147 432370 768487 768566 768928 769245 769340 770011 776459 776775 776816 777072
gga04540_Gap_junction	100857247 100858386 100859737 101750705 373933 373953 374077 374097 374128 374196 386572 395273 395278 395339 395340 395412 395469 395509 395581 396229 396245 396252 396254 396349 396367 396368 396426 396427 396442 396494 408035 415388 415549 415557 415732 416567 416694 416695 416730 417255 417378 417430 418166 418207 418212 418978 419313 419885 419910 420328 420788 420883 420935 421037 421169 421614 422013 422407 422408 423014 423572 423682 424225 424542 425049 427262 427339 427633 427687 428070 428252 428707 428753 429035 429128 430991 431043 431192 768337 770488 771678
gga04620_Toll-like_receptor_signaling_pathway	100008585 100857744 100857947 100858177 100858824 100859032 101750245 107049337 107050551 107054958 107056614 373953 374141 378921 395196 395210 395284 395337 395385 395551 395664 395665 395818 395871 395872 395928 395983 396027 396033 396093 396330 396349 396398 396495 396512 404671 407090 415549 416496 417241 417312 417319 417445 417465 417706 417739 417796 417825 418014 418638 419444 419715 420189 420420 420479 421183 421497 421622 421808 422592 422720 423099 423146 423163 423471 423669 423778 424044 424673 424826 424971 426274 426792 427171 427944 429096 430409 430480 554217 554219 768614 768950 769014 769763 771142 771145 771173
gga04621_NOD-like_receptor_signaling_pathway	100858419 107054958 107056614 373953 374012 374163 395196 395284 395312 395337 395764 395872 395983 396027 396033 396093 396188 396495 415349 415708 416998 417465 417739 418014 418588 418827 420215 420677 421183 421622 421684 421808 422592 423021 423163 423463 423669 423778 426792 427756 431583 769763 771145
gga04622_RIG-I-like_receptor_signaling_pathway	100857744 100857947 100858177 100858279 100858419 100858653 100859032 100859153 101750245 107049337 107054958 107056614 378921 395284 395872 395983 396027 396033 396093 396330 396398 396495 404671 407090 415700 415725 417287 417401 417739 417825 418567 419755 419887 420294 420660 421183 421784 421808 422592 422936 423146 423163 423471 423669 423778 424081 424185 424190 426629 426792 427144 427390 430480 430679 554219 768614 768990 769763 771145
gga04623_Cytosolic_DNA-sensing_pathway	100857744 100857947 100858177 100858419 100859032 101750245 107049337 107050002 107050843 107054958 378921 395196 395312 395337 395486 395551 395764 396027 396033 396093 396330 396398 416620 416723 417465 417825 417990 418071 420103 421452 421864 422936 423669 423727 424954 426792 427105 428713 430480 554219 768614 768990 769675 770704
gga04630_Jak-STAT_signaling_pathway	100857744 100857947 100858177 100858732 100858838 100858964 100859032 100859196 100859707 101747500 101749221 101750245 107049043 107049089 107049315 107049337 107051287 373954 373958 374047 374199 374223 378781 378914 386572 395199 395219 395258 395262 395294 395299 395335 395337 395556 395660 395663 395664 395665 395674 395681 395684 395815 395845 395885 395928 396054 396216 396229 396245 396282 396341 396398 396409 396453 396488 404671 407090 408184 414803 414804 416307 416325 416330 416383 416585 416586 416587 416630 416667 416686 417319 417706 417838 418000 418502 418666 418668 419429 419444 419455 419620 419692 419694 419771 419928 419969 420027 420095 420193 420332 420517 421020 421497 421685 421686 422219 422230 423557 423572 424044 424071 424072 424317 424704 424705 424826 424971 426054 426232 427171 427446 427514 427718 427947 428264 428265 428570 429096 430113 431192 474360 554218 554219 693251 693252 768406 768437 768614 770428 770778 770787 771142 771315 771801
gga04672_Intestinal_immune_network_for_IgA_production	100858200 100858236 100873157 101747454 107049316 373958 374229 395180 395258 395324 395337 395385 395485 395968 396249 416330 416686 417050 417051 417983 418257 419848 419964 424105 424121 425256 427944 428264 428454 430189 474360 693256 724083 768950 770275
gga04744_Phototransduction	374216 395091 395092 395425 395426 395431 395855 396143 396486 396520 396523 414892 416692 417433 419089 419402 419864 427960 429125 430443 751791 768759 768877
gga04810_Regulation_of_actin_cytoskeleton	100857227 100857811 100858156 100858338 101749098 101750781 101752044 101752218 107049646 107049926 107053160 107054369 107054794 373918 373922 373938 373939 373946 373953 373970 374040 374058 374128 374180 374182 374196 374209 378917 395142 395149 395306 395394 395432 395442 395453 395469 395470 395478 395509 395511 395554 395603 395701 395704 395774 395832 395870 395871 395917 395951 396010 396019 396020 396024 396094 396133 396145 396181 396215 396225 396226 396229 396239 396245 396259 396263 396267 396284 396313 396349 396356 396364 396413 396416 396420 396422 396442 396445 396494 396515 396516 396526 408035 408047 414831 415296 415439 415549 415560 415591 415607 415691 415748 415989 416051 416246 416490 416734 416837 416872 416874 416939 417319 417374 417434 417506 417553 417584 417586 417706 417750 418044 418126 418207 418491 418677 418761 418824 418978 419083 419444 419580 419752 419885 419999 420072 420504 420588 420757 420893 421761 422077 422247 422330 422342 423062 423195 423320 423572 423960 424000 424108 424114 424121 424191 424761 424826 424860 424971 425499 425730 426359 427171 427211 427212 427243 428104 428278 428537 428564 428779 428837 428857 428881 428906 429041 429075 429096 429363 429983 431192 768907 769924 770011 770269 770457 770462 770488 771142 771904 772239 772372 776775 776816
gga04910_Insulin_signaling_pathway	100857298 100858156 100858827 100859356 101747406 101749060 101749888 101751397 107054319 107054794 107054958 107055408 373889 373915 373953 374038 374044 374231 378909 386572 395114 395217 395218 395219 395299 395688 395855 395928 395934 395983 396019 396061 396145 396148 396229 396239 396245 396349 396457 396458 396504 396523 415549 415741 416446 416552 416588 416630 416692 416872 416939 416986 417166 417173 417319 417361 417438 417543 417553 417579 417637 417706 418201 418207 418335 418406 418612 419220 419399 419444 419455 419885 420133 420434 420435 421248 421497 422181 422347 422592 422630 422703 422815 423064 423557 423572 423698 423749 423778 424171 424208 424542 424568 424826 424941 424971 424991 425328 426482 426773 426792 427017 427171 427185 428674 428692 429096 429110 429269 429557 429688 430370 430557 431192 431265 768421 769420 770341 771142 771172 771961
gga04912_GnRH_signaling_pathway	100858386 101749229 107050551 373953 374077 374108 374174 374175 386572 386583 395339 395340 395368 395412 395654 395693 395855 395891 395895 395917 395983 395985 396229 396245 396349 396394 396442 396494 396523 415549 415732 415905 416496 416567 416692 416730 417312 417430 417445 417739 418207 418212 419313 419885 419910 419954 420328 420419 420788 420935 421183 421579 421829 421998 422013 422592 422688 423014 423226 423227 423229 423572 423737 423778 424225 424542 424673 424986 427144 427262 427517 427687 428870 428871 431192 769763 770134 771145 771552 771560 771574
gga04914_Progesterone-mediated_oocyte_maturation	100529062 101748777 107049524 107050084 373953 373959 374097 386579 395297 395339 395340 395889 395928 395983 396145 396167 396172 396188 396198 396239 396245 396252 396367 396368 415326 415400 415549 415732 416363 416575 416838 416842 417258 417269 417319 417706 417739 418090 418207 418605 418735 418901 419444 419493 419960 420328 420375 420788 420935 421183 421226 421228 421497 421570 422013 422273 422461 422592 422675 422805 422832 423064 423463 423778 423816 424542 424826 424971 427171 427658 428537 429096 769605 769763 771142 771145 771857
gga04916_Melanogenesis	100170842 100859610 107049318 373885 373886 373887 373909 373953 373971 374059 374060 374061 374062 374097 374142 374168 374174 374175 374243 378783 378788 395099 395229 395230 395235 395339 395340 395396 395508 395561 395562 395571 395572 395703 395775 395829 395855 395865 395886 395913 395964 396028 396160 396229 396245 396349 396367 396368 396523 396543 408082 415549 415698 415732 416567 416667 416692 416730 417430 417769 418000 418123 418154 418207 418335 419147 419313 419416 419885 420328 420788 420854 420935 422011 422013 422688 423014 423737 424542 424949 427262 427417 427562 427687 427856 427937 428333 428953 429040 771092
gga04920_Adipocytokine_signaling_pathway	100857298 100858419 100859356 101749060 101749888 107054958 107055408 374120 374199 374223 395083 395299 395815 395928 395983 396027 396033 396093 396130 396231 396405 396457 396458 396464 404536 415361 415700 416324 416986 417143 417287 417730 418155 418325 419429 419455 420027 420090 420105 420435 421148 421438 421497 422011 422345 422347 422547 422592 422815 423118 423669 423778 423896 424171 424208 424810 426792 427017 427185 427535 429110 429688 430557 771003 776459
gga04931_Insulin_resistance	100857298 100858156 100859356 100859610 101747406 101749060 101749888 101751014 107054319 107054958 107055408 373915 374120 374231 378909 386579 395099 395221 395299 395337 395688 395815 395928 395983 396019 396027 396033 396093 396130 396145 396272 396457 396458 415905 416148 416567 416588 416857 416872 416986 417220 417319 417637 417706 417730 418123 418201 418325 418335 418605 419220 419399 419429 419444 419455 419514 420026 420027 420133 420435 421248 421409 421497 421570 422203 422273 422347 422592 422630 422815 423118 423675 423778 423851 424171 424208 424568 424826 424971 425328 426008 426329 426354 426792 426962 427017 427171 427185 427417 428062 428333 428435 429096 429110 429557 429688 430557 769933 771142 776459
gga04933_AGE-RAGE_signaling_pathway_in_diabetic_complications	100858838 100873157 101752029 107055136 373931 373953 374094 374106 374199 374231 386583 395132 395196 395247 395255 395337 395476 395530 395532 395556 395871 395872 395909 395917 395928 395983 396027 396033 396065 396133 396229 396243 396282 396340 396341 396399 396438 396495 415805 415905 416567 416730 417319 417430 417706 417739 418207 418581 418752 419175 419399 419444 419885 420027 420416 420815 420854 421183 421352 421409 421497 422257 422348 422350 422573 422592 423014 423778 424044 424214 424261 424402 424467 424673 424797 424799 424826 424971 425224 427171 427687 428279 428609 429084 429096 769763 771142 771145 776273
gga05132_Salmonella_infection	100859599 101752218 107053160 373953 373970 374182 378913 395196 395260 395261 395312 395337 395551 395764 395807 395871 395872 395917 395983 396027 396033 396054 396495 396512 396526 415296 415388 415793 416016 416051 416325 416490 416837 417209 417241 417558 417739 417750 418502 418979 419457 420420 420571 420668 421183 421685 421761 422207 422592 423461 423484 423778 424151 424519 424673 426359 428564 429041 429075 554217 769763 769965 770269 771145 771782 771904 776720 776816
gga05164_Influenza_A	100008585 100857563 100857744 100857947 100858177 100858419 100858732 100858808 100859032 100859131 101747454 101748079 101750245 107048991 107049337 107050551 107054958 373904 373953 374072 374199 378894 395147 395196 395274 395299 395312 395313 395337 395360 395457 395664 395665 395681 395727 395764 395853 395872 395928 395983 396027 396033 396054 396093 396245 396330 396344 396345 396349 396398 396495 396526 404671 407090 415296 415302 415549 416320 416494 416496 416633 416667 417050 417051 417241 417312 417319 417401 417420 417430 417445 417465 417706 417739 417796 417825 418000 418271 418325 418335 418502 418528 418638 418787 419324 419444 419755 419770 420420 420624 421183 421192 421497 421580 421685 422346 422592 422720 422930 422936 423021 423279 423285 423504 423778 424044 424185 424410 424673 424793 424826 424971 425061 425256 426792 426862 426970 427171 428650 429064 429096 430113 430189 430480 430616 554219 693256 724083 768614 769028 769675 769763 770454 771142 771145 776596 776816
gga05168_Herpes_simplex_infection	100008585 100529062 100857185 100857553 100857563 100857744 100857875 100857947 100858156 100858177 100858419 100858732 100858824 100859032 100859609 100873151 101747454 101748079 101750245 107049337 107049993 107052460 107054958 107056614 373991 374055 374115 374116 374141 374199 395126 395147 395196 395258 395274 395284 395299 395337 395360 395476 395517 395538 395664 395665 395681 395815 395983 395995 395999 396019 396027 396033 396054 396093 396195 396200 396252 396330 396370 396398 396512 404671 407090 414741 415302 415626 415780 416319 416667 416872 417050 417051 417057 417122 417123 417287 417465 417486 417487 417825 418000 418014 418083 418325 418365 418502 419107 419116 419223 419366 419429 419600 419815 420420 420624 420783 421086 421185 421538 421622 421685 421808 422592 422720 422930 422936 423146 423163 423258 423265 423279 423285 423471 423669 423778 423872 424044 424185 424410 424565 424673 425256 425389 425483 426265 426516 426664 426792 427021 427134 427437 427458 427727 427728 427746 429064 430113 430189 430480 432370 554219 693256 693260 724083 768614 769014 769169 769368 772264 776269
